0
2
5
6
7
8
8
9
10
14
15
15
17
18
23
24
28
31
38
41
48
59
62
64
66
69
70
71
80
80
81
89
92
93
94
107
108
114
118
118
121
122
124
129
137
137
139
142
148
148
148
150
156
158
164
164
170
173
181
183
187
193
194
194
196
198
213
215
219
225
226
228
228
230
230
230
234
236
238
240
245
245
247
253
255
258
259
261
261
262
262
267
267
268
268
269
270
271
275
276
276
283
284
284
285
300
304
305
319
320
320
322
326
330
336
337
339
339
339
340
358
366
366
369
370
378
382
385
392
398
398
400
405
405
408
418
427
427
438
438
438
447
454
456
460
461
462
463
474
482
482
488
497
499
500
502
503
508
511
515
521
527
527
529
533
540
541
542
547
548
549
551
555
559
563
567
570
571
571
572
573
573
576
583
583
584
588
589
590
593
594
595
600
603
604
610
613
620
624
625
627
627
628
629
631
632
635
635
637
642
643
645
649
653
654
655
659
662
662
665
666
667
668
671
672
675
675
675
676
679
690
690
692
693
695
695
698
714
718
720
721
721
726
736
739
739
739
743
749
751
754
759
759
760
769
770
774
780
786
786
791
792
793
795
798
800
801
810
831
832
843
849
849
857
862
862
865
867
870
875
877
882
885
907
907
913
914
923
926
940
940
944
945
946
948
950
952
953
957
964
969
970
971
973
977
979
984
985
989
996
998
1000
1001
1004
1007
1018
1019
1022
1025
1032
1040
1040
1050
1050
1064
1064
1073
1074
1079
1079
1079
1086
1089
1092
1094
1097
1097
1110
1114
1115
1115
1116
1122
1128
1129
1132
1145
1148
1148
1149
1149
1151
1153
1153
1156
1162
1166
1167
1167
1168
1169
1172
1173
1181
1184
1186
1186
1187
1194
1195
1203
1204
1207
1209
1213
1220
1220
1223
1227
1229
1230
1236
1240
1240
1241
1242
1253
1253
1254
1256
1261
1262
1270
1276
1290
1293
1293
1294
1298
1300
1300
1303
1305
1309
1309
1310
1315
1320
1322
1326
1326
1343
1361
1374
1374
1378
1382
1382
1386
1393
1394
1402
1402
1404
1406
1406
1408
1413
1413
1416
1418
1421
1423
1437
1442
1444
1444
1447
1452
1456
1462
1463
1467
1469
1475
1476
1480
1485
1498
1500
1502
1505
1506
1511
1516
1526
1534
1543
1550
1562
1563
1563
1563
1564
1568
1570
1574
1575
1577
1580
1581
1586
1590
1594
1595
1598
1602
1612
1613
1615
1617
1620
1625
1626
1633
1633
1634
1634
1635
1636
1643
1651
1653
1659
1660
1663
1664
1666
1667
1667
1671
1671
1676
1677
1680
1681
1684
1692
1693
1697
1710
1731
1731
1734
1735
1736
1737
1744
1744
1748
1749
1753
1753
1758
1760
1761
1769
1769
1771
1772
1774
1775
1783
1788
1789
1790
1794
1795
1801
1802
1803
1803
1810
1810
1813
1816
1817
1821
1822
1822
1824
1825
1825
1825
1826
1837
1842
1853
1860
1861
1869
1870
1871
1872
1872
1873
1873
1878
1880
1883
1893
1895
1900
1907
1910
1912
1919
1919
1919
1922
1926
1936
1948
1950
1951
1957
1959
1961
1962
1963
1964
1981
1995
1995
1997
1998
2001
2001
2008
2008
2024
2025
2035
2036
2040
2041
2041
2051
2058
2059
2061
2062
2064
2066
2073
2074
2079
2081
2084
2095
2098
2100
2102
2106
2110
2117
2117
2118
2119
2119
2120
2124
2125
2127
2130
2133
2137
2139
2144
2144
2148
2154
2154
2157
2169
2171
2176
2179
2188
2193
2194
2203
2213
2214
2215
2215
2227
2233
2234
2236
2238
2241
2242
2245
2246
2249
2253
2254
2260
2268
2268
2274
2277
2288
2294
2296
2301
2312
2313
2317
2319
2320
2322
2324
2326
2326
2331
2335
2335
2338
2339
2343
2345
2351
2352
2358
2361
2365
2381
2387
2390
2393
2395
2405
2405
2407
2407
2409
2415
2419
2431
2432
2432
2435
2438
2441
2441
2449
2457
2459
2461
2462
2466
2467
2468
2475
2476
2478
2481
2485
2492
2497
2500
2505
2507
2509
2510
2510
2516
2516
2517
2517
2522
2522
2522
2529
2531
2533
2550
2555
2556
2566
2573
2575
2578
2582
2583
2588
2589
2591
2596
2603
2617
2618
2621
2632
2634
2641
2643
2644
2647
2653
2655
2670
2671
2672
2673
2675
2676
2678
2679
2683
2688
2688
2688
2689
2690
2694
2712
2714
2717
2719
2726
2729
2733
2735
2736
2737
2739
2748
2750
2753
2754
2755
2756
2759
2760
2760
2769
2772
2780
2784
2794
2794
2796
2797
2800
2801
2806
2822
2829
2832
2838
2840
2843
2843
2844
2847
2848
2851
2853
2855
2858
2868
2871
2873
2875
2875
2878
2883
2886
2891
2892
2894
2898
2898
2907
2910
2915
2915
2918
2922
2925
2926
2928
2933
2936
2940
2942
2946
2948
2950
2960
2960
2964
2967
2971
2972
2976
2981
2983
2984
2989
2991
2994
3007
3017
3018
3018
3020
3022
3026
3028
3035
3037
3040
3044
3053
3053
3057
3063
3063
3063
3069
3075
3080
3084
3088
3094
3098
3099
3100
3106
3108
3116
3116
3118
3119
3122
3123
3126
3128
3134
3135
3135
3137
3138
3142
3142
3145
3146
3153
3155
3155
3156
3160
3161
3162
3162
3166
3173
3175
3175
3177
3178
3181
3188
3192
3201
3201
3202
3208
3209
3213
3213
3216
3216
3220
3225
3225
3226
3241
3244
3247
3251
3253
3255
3256
3264
3266
3273
3274
3278
3280
3281
3286
3288
3293
3294
3295
3298
3300
3311
3316
3317
3317
3325
3329
3329
3337
3341
3342
3343
3347
3348
3351
3362
3370
3376
3379
3380
3384
3387
3388
3391
3392
3397
3399
3406
3409
3409
3411
3417
3420
3427
3431
3439
3445
3447
3455
3462
3466
3466
3469
3471
3475
3486
3492
3492
3493
3498
3498
3501
3502
3503
3505
3505
3505
3510
3511
3516
3516
3516
3516
3518
3519
3520
3522
3536
3539
3539
3540
3553
3554
3569
3569
3569
3580
3583
3583
3598
3603
3608
3609
3611
3613
3616
3618
3619
3622
3622
3627
3627
3629
3630
3632
3633
3633
3634
3635
3640
3642
3642
3643
3646
3647
3649
3653
3654
3657
3657
3659
3663
3668
3670
3674
3677
3678
3679
3680
3680
3681
3692
3692
3705
3707
3711
3721
3727
3728
3732
3738
3738
3740
3741
3742
3751
3756
3770
3776
3778
3785
3785
3788
3792
3796
3799
3799
3800
3809
3812
3812
3819
3821
3828
3828
3833
3838
3842
3845
3847
3857
3869
3870
3870
3875
3876
3881
3885
3890
3892
3903
3905
3910
3911
3911
3914
3915
3917
3918
3920
3924
3934
3944
3947
3953
3957
3958
3966
3968
3969
3971
3973
3974
3975
3980
3990
3990
3990
3996
3997
4000
4006
4007
4009
4009
4012
4012
4013
4024
4026
4030
4031
4032
4033
4036
4037
4043
4049
4050
4059
4062
4063
4063
4067
4072
4073
4077
4080
4081
4082
4083
4083
4085
4088
4088
4092
4094
4094
4097
4103
4112
4114
4117
4126
4126
4129
4133
4146
4151
4152
4158
4160
4164
4167
4173
4180
4180
4188
4189
4195
4196
4204
4211
4217
4225
4225
4226
4240
4247
4248
4250
4250
4253
4256
4258
4269
4269
4272
4272
4272
4275
4276
4278
4279
4280
4290
4290
4293
4294
4300
4304
4310
4310
4312
4313
4315
4315
4321
4322
4326
4331
4334
4334
4335
4336
4336
4339
4342
4344
4346
4348
4349
4351
4351
4358
4359
4360
4371
4371
4372
4374
4375
4377
4378
4381
4382
4387
4390
4392
4397
4399
4403
4406
4411
4412
4417
4424
4424
4427
4430
4431
4438
4438
4440
4450
4458
4459
4468
4470
4472
4477
4487
4502
4502
4504
4505
4506
4511
4515
4523
4531
4537
4538
4541
4542
4554
4555
4557
4558
4560
4561
4562
4565
4571
4572
4579
4579
4581
4586
4590
4593
4594
4595
4599
4601
4605
4609
4614
4618
4620
4620
4621
4622
4626
4632
4633
4639
4651
4654
4664
4666
4667
4671
4672
4683
4685
4685
4686
4692
4694
4695
4711
4712
4716
4723
4724
4733
4741
4744
4751
4755
4766
4768
4769
4770
4773
4774
4775
4775
4778
4780
4791
4793
4807
4811
4813
4815
4821
4821
4823
4829
4837
4840
4842
4843
4847
4847
4854
4855
4859
4861
4865
4867
4870
4880
4884
4890
4897
4900
4904
4906
4907
4911
4917
4920
4929
4930
4935
4938
4939
4939
4939
4941
4942
4951
4954
4956
4957
4962
4963
4965
4968
4969
4973
4974
4975
4976
4981
4984
4994
4995
4995
4999
5000
5005
5005
5007
5009
5010
5011
5016
5019
5020
5020
5020
5022
5022
5025
5036
5036
5038
5038
5041
5050
5054
5055
5059
5060
5062
5065
5072
5072
5077
5078
5078
5080
5082
5087
5092
5095
5096
5101
5102
5104
5107
5111
5117
5117
5118
5119
5126
5127
5127
5134
5141
5143
5143
5145
5146
5147
5150
5164
5169
5169
5175
5193
5196
5221
5221
5226
5227
5227
5232
5241
5244
5247
5253
5255
5256
5260
5263
5275
5275
5278
5279
5285
5291
5294
5299
5301
5304
5312
5312
5312
5313
5316
5317
5317
5322
5325
5327
5327
5330
5348
5349
5349
5351
5352
5352
5354
5358
5365
5367
5367
5371
5373
5381
5384
5387
5389
5390
5395
5400
5401
5403
5405
5405
5411
5414
5415
5416
5418
5419
5419
5420
5421
5421
5422
5423
5425
5426
5431
5439
5442
5444
5445
5446
5467
5469
5471
5477
5478
5480
5482
5482
5490
5493
5494
5494
5498
5499
5500
5500
5501
5505
5505
5507
5513
5515
5517
5519
5519
5520
5524
5527
5527
5530
5533
5538
5542
5544
5545
5546
5572
5576
5580
5580
5581
5582
5584
5587
5590
5591
5602
5615
5615
5616
5616
5626
5634
5637
5638
5641
5644
5654
5657
5659
5662
5664
5664
5665
5667
5667
5670
5670
5675
5678
5679
5683
5685
5687
5690
5691
5692
5695
5696
5697
5700
5705
5708
5712
5717
5718
5720
5726
5727
5735
5736
5746
5747
5748
5753
5755
5755
5757
5761
5764
5766
5768
5770
5772
5775
5780
5783
5784
5800
5802
5805
5806
5813
5816
5828
5833
5833
5835
5835
5838
5844
5844
5857
5865
5865
5866
5866
5866
5871
5871
5876
5877
5884
5888
5888
5896
5900
5903
5906
5910
5912
5914
5927
5928
5931
5935
5935
5935
5936
5943
5944
5945
5949
5956
5959
5960
5961
5962
5965
5965
5965
5973
5975
5975
5976
5979
5983
5984
5985
5987
5988
5988
5990
5990
5992
5997
6007
6008
6013
6014
6015
6018
6022
6025
6028
6030
6031
6034
6034
6044
6046
6046
6047
6050
6052
6060
6067
6071
6072
6073
6073
6075
6077
6077
6078
6078
6079
6083
6087
6089
6093
6094
6097
6099
6103
6109
6116
6116
6118
6118
6120
6121
6122
6124
6130
6133
6135
6137
6138
6146
6155
6169
6176
6176
6177
6179
6183
6186
6194
6197
6197
6203
6204
6207
6215
6217
6220
6224
6227
6229
6234
6245
6253
6253
6257
6258
6263
6263
6263
6266
6271
6273
6274
6278
6291
6293
6294
6294
6301
6301
6304
6305
6311
6311
6312
6314
6325
6325
6327
6328
6329
6329
6333
6340
6340
6343
6344
6348
6355
6359
6363
6364
6365
6366
6370
6373
6375
6377
6379
6380
6380
6382
6383
6383
6393
6396
6398
6401
6405
6406
6407
6408
6418
6420
6422
6423
6426
6427
6427
6435
6436
6445
6445
6450
6451
6458
6466
6473
6479
6480
6486
6490
6492
6493
6494
6501
6506
6508
6516
6516
6519
6520
6521
6525
6525
6529
6531
6531
6531
6531
6540
6546
6548
6550
6551
6554
6554
6560
6564
6573
6577
6578
6579
6582
6588
6591
6595
6596
6597
6600
6600
6600
6604
6606
6607
6609
6612
6619
6619
6624
6625
6627
6628
6631
6634
6637
6637
6641
6643
6648
6648
6649
6649
6656
6659
6659
6674
6678
6680
6684
6685
6687
6694
6695
6696
6704
6710
6712
6713
6718
6728
6732
6734
6734
6736
6738
6738
6739
6744
6744
6746
6747
6748
6750
6751
6751
6751
6762
6762
6763
6770
6772
6772
6779
6779
6782
6786
6787
6789
6792
6794
6795
6795
6809
6812
6822
6825
6827
6828
6828
6834
6848
6848
6849
6850
6850
6853
6855
6859
6861
6861
6862
6863
6865
6867
6868
6868
6875
6875
6877
6880
6882
6882
6884
6884
6884
6884
6886
6891
6896
6898
6899
6899
6902
6906
6912
6922
6926
6931
6938
6946
6950
6953
6956
6957
6959
6963
6964
6965
6968
6968
6970
6972
6974
6974
6976
6978
6981
6982
6986
6988
6994
6994
6994
7003
7004
7004
7006
7009
7010
7016
7022
7029
7029
7033
7033
7036
7037
7038
7040
7040
7041
7045
7045
7052
7057
7057
7068
7070
7072
7073
7074
7078
7081
7087
7089
7091
7094
7095
7095
7097
7100
7102
7102
7104
7109
7114
7118
7120
7120
7124
7131
7134
7135
7135
7136
7146
7146
7146
7152
7156
7157
7163
7165
7169
7169
7172
7175
7192
7193
7198
7199
7205
7206
7208
7211
7212
7213
7222
7229
7231
7234
7237
7240
7245
7245
7246
7249
7255
7260
7260
7262
7264
7272
7280
7282
7284
7289
7289
7290
7290
7290
7294
7295
7296
7306
7313
7314
7315
7324
7325
7326
7329
7332
7332
7334
7335
7336
7342
7344
7353
7355
7355
7356
7357
7365
7366
7369
7369
7382
7385
7395
7396
7398
7403
7408
7416
7416
7419
7422
7425
7435
7435
7442
7442
7443
7451
7457
7458
7458
7463
7464
7466
7467
7480
7481
7486
7499
7515
7521
7521
7521
7524
7525
7527
7535
7536
7536
7542
7544
7549
7550
7560
7561
7561
7562
7563
7565
7565
7588
7592
7599
7599
7605
7606
7610
7622
7623
7624
7625
7626
7628
7649
7654
7654
7654
7657
7660
7663
7665
7666
7670
7676
7678
7679
7685
7704
7705
7708
7711
7711
7716
7717
7729
7729
7730
7730
7734
7734
7735
7736
7739
7751
7755
7762
7764
7765
7765
7766
7770
7770
7771
7772
7773
7773
7773
7775
7776
7797
7800
7800
7806
7811
7813
7814
7816
7817
7818
7820
7821
7823
7824
7825
7826
7828
7830
7832
7847
7847
7849
7857
7857
7858
7862
7862
7866
7867
7870
7870
7881
7882
7883
7888
7889
7892
7897
7897
7898
7909
7910
7915
7916
7917
7919
7922
7923
7934
7936
7940
7949
7950
7950
7955
7964
7964
7974
7974
7976
7983
7983
7988
7994
7994
7998
8000
8000
8001
8003
8014
8017
8023
8023
8023
8024
8025
8032
8034
8036
8037
8038
8041
8041
8042
8042
8046
8047
8048
8049
8052
8054
8059
8061
8062
8062
8071
8071
8074
8077
8084
8086
8086
8089
8093
8099
8101
8103
8108
8125
8125
8129
8132
8135
8139
8146
8149
8150
8156
8157
8158
8158
8178
8182
8186
8188
8189
8191
8191
8192
8193
8195
8196
8198
8207
8207
8209
8209
8222
8224
8224
8229
8229
8230
8231
8238
8239
8245
8252
8253
8256
8260
8263
8270
8270
8282
8283
8286
8290
8291
8291
8291
8292
8293
8294
8295
8296
8297
8299
8300
8305
8312
8316
8319
8321
8323
8323
8327
8337
8340
8340
8348
8358
8359
8365
8367
8369
8370
8373
8386
8389
8395
8400
8402
8402
8402
8405
8406
8406
8408
8408
8411
8414
8415
8415
8422
8423
8425
8426
8429
8436
8441
8443
8448
8459
8459
8460
8464
8491
8496
8498
8503
8504
8507
8512
8517
8517
8519
8519
8522
8525
8528
8529
8532
8532
8536
8553
8554
8568
8580
8587
8590
8591
8596
8596
8600
8602
8604
8607
8620
8625
8634
8636
8639
8643
8647
8647
8650
8657
8661
8666
8672
8674
8674
8675
8683
8686
8688
8688
8692
8696
8700
8704
8705
8710
8714
8715
8719
8723
8726
8738
8745
8747
8748
8754
8756
8757
8758
8759
8759
8759
8761
8765
8765
8767
8770
8773
8774
8778
8781
8782
8788
8789
8789
8797
8797
8800
8802
8804
8808
8813
8813
8813
8820
8822
8827
8834
8834
8836
8837
8839
8841
8843
8845
8846
8848
8852
8853
8854
8855
8856
8857
8858
8861
8863
8866
8866
8867
8871
8873
8877
8877
8877
8884
8884
8885
8887
8891
8892
8896
8903
8904
8907
8908
8911
8911
8917
8919
8923
8926
8937
8938
8946
8949
8950
8951
8955
8957
8959
8965
8966
8967
8969
8970
8975
8978
8989
8990
8991
8993
8994
8997
9000
9001
9001
9002
9002
9005
9006
9008
9009
9014
9018
9021
9025
9026
9032
9035
9038
9043
9043
9049
9050
9052
9053
9056
9059
9060
9060
9066
9069
9080
9086
9091
9093
9095
9096
9105
9105
9108
9109
9109
9110
9128
9129
9136
9142
9145
9147
9149
9149
9149
9151
9152
9152
9153
9154
9155
9158
9164
9167
9168
9170
9174
9177
9191
9192
9197
9200
9201
9201
9207
9210
9218
9219
9222
9225
9226
9232
9232
9239
9242
9248
9249
9262
9264
9272
9275
9276
9287
9287
9287
9294
9300
9301
9301
9309
9309
9310
9310
9313
9319
9325
9332
9335
9344
9348
9357
9357
9358
9362
9363
9366
9367
9367
9368
9369
9371
9375
9375
9376
9377
9380
9384
9384
9384
9392
9396
9399
9401
9407
9408
9413
9416
9419
9421
9424
9428
9437
9438
9439
9439
9441
9444
9447
9449
9454
9456
9463
9463
9463
9464
9465
9466
9468
9479
9480
9482
9489
9491
9492
9496
9500
9510
9517
9518
9520
9524
9525
9533
9536
9536
9539
9541
9543
9543
9548
9554
9562
9562
9563
9578
9582
9584
9586
9588
9590
9593
9597
9598
9600
9600
9600
9609
9609
9611
9612
9613
9619
9620
9635
9640
9642
9642
9643
9644
9651
9651
9652
9655
9655
9659
9661
9668
9668
9671
9673
9674
9675
9681
9681
9681
9681
9688
9698
9701
9702
9703
9703
9705
9711
9717
9721
9721
9721
9739
9739
9744
9746
9748
9749
9749
9750
9754
9755
9755
9767
9770
9778
9779
9779
9781
9785
9797
9804
9804
9807
9808
9809
9811
9812
9813
9813
9814
9818
9823
9825
9830
9840
9844
9844
9846
9847
9848
9851
9851
9854
9857
9860
9861
9863
9864
9869
9873
9876
9876
9877
9878
9881
9882
9884
9886
9889
9890
9892
9893
9894
9898
9899
9901
9903
9905
9906
9906
9906
9921
9921
9925
9926
9929
9933
9933
9937
9943
9946
9948
9951
9957
9959
9960
9960
9960
9962
9965
9973
9973
9974
9976
9989
9990
9995
9998
10000
10004
10004
10004
10006
10008
10014
10016
10020
10022
10027
10030
10034
10035
10037
10038
10039
10045
10047
10048
10049
10054
10057
10058
10062
10065
10068
10068
10071
10073
10076
10079
10079
10085
10085
10085
10086
10086
10089
10090
10093
10098
10109
10110
10110
10113
10115
10115
10116
10124
10126
10128
10130
10140
10146
10150
10150
10154
10155
10160
10162
10166
10167
10171
10174
10178
10183
10186
10190
10195
10197
10198
10206
10211
10214
10217
10223
10227
10229
10232
10238
10241
10243
10244
10247
10249
10255
10255
10256
10263
10274
10275
10278
10279
10279
10283
10283
10287
10288
10288
10291
10297
10297
10298
10299
10306
10320
10321
10321
10322
10327
10329
10333
10336
10336
10339
10342
10344
10345
10349
10350
10355
10355
10355
10356
10358
10360
10360
10363
10363
10364
10367
10370
10374
10380
10381
10391
10391
10392
10397
10398
10398
10399
10400
10411
10413
10416
10420
10423
10427
10428
10429
10432
10437
10438
10441
10445
10446
10449
10456
10463
10474
10475
10475
10480
10481
10484
10487
10489
10491
10496
10498
10499
10502
10503
10503
10504
10508
10516
10516
10517
10518
10519
10521
10522
10526
10526
10526
10528
10529
10529
10530
10532
10538
10539
10540
10541
10542
10543
10546
10547
10550
10555
10555
10557
10574
10574
10584
10588
10591
10591
10592
10604
10606
10606
10607
10607
10617
10627
10627
10638
10638
10640
10659
10662
10662
10663
10666
10668
10669
10670
10672
10675
10684
10687
10695
10695
10708
10708
10717
10723
10724
10731
10733
10736
10736
10737
10742
10744
10744
10746
10751
10754
10757
10757
10758
10760
10761
10761
10762
10762
10765
10768
10774
10774
10774
10776
10781
10782
10783
10784
10787
10792
10795
10802
10804
10804
10808
10811
10815
10823
10829
10835
10835
10835
10837
10839
10841
10847
10847
10849
10849
10851
10853
10861
10862
10867
10868
10874
10874
10878
10881
10886
10888
10888
10888
10891
10892
10894
10896
10897
10902
10902
10913
10914
10926
10932
10935
10940
10947
10953
10957
10958
10958
10959
10965
10971
10972
10985
10985
10992
10992
10995
10995
11000
11011
11015
11016
11023
11024
11031
11051
11058
11058
11060
11060
11060
11061
11062
11067
11082
11082
11089
11089
11092
11093
11094
11096
11101
11102
11107
11108
11109
11111
11119
11125
11128
11129
11133
11135
11136
11144
11147
11147
11148
11148
11149
11151
11151
11153
11157
11158
11163
11170
11172
11182
11184
11186
11187
11187
11189
11196
11198
11198
11199
11208
11210
11216
11216
11226
11226
11226
11228
11228
11228
11232
11233
11234
11236
11237
11242
11244
11251
11254
11262
11267
11267
11269
11269
11272
11276
11277
11278
11282
11284
11287
11290
11291
11291
11291
11297
11300
11300
11303
11304
11305
11308
11311
11314
11315
11319
11321
11321
11327
11330
11334
11340
11344
11347
11350
11353
11354
11355
11361
11362
11365
11365
11376
11381
11382
11386
11400
11404
11406
11410
11415
11418
11426
11429
11432
11434
11438
11439
11443
11444
11447
11452
11453
11463
11464
11469
11472
11472
11474
11477
11478
11480
11488
11490
11491
11493
11496
11498
11504
11506
11509
11510
11511
11513
11515
11518
11525
11538
11541
11543
11548
11550
11551
11552
11553
11553
11556
11558
11562
11563
11564
11584
11585
11601
11602
11603
11603
11610
11614
11616
11623
11623
11623
11627
11635
11640
11642
11642
11650
11651
11652
11657
11659
11659
11659
11664
11664
11665
11672
11674
11684
11686
11687
11687
11688
11690
11696
11696
11700
11701
11706
11711
11712
11713
11713
11720
11720
11723
11724
11725
11729
11730
11730
11732
11735
11736
11742
11747
11749
11754
11756
11760
11766
11768
11771
11772
11773
11777
11783
11791
11794
11796
11801
11806
11809
11810
11815
11820
11821
11823
11824
11827
11828
11829
11835
11837
11837
11838
11841
11845
11852
11855
11856
11858
11860
11861
11862
11862
11862
11864
11865
11865
11871
11871
11872
11877
11877
11879
11887
11891
11897
11899
11902
11918
11918
11920
11936
11951
11954
11957
11959
11963
11967
11975
11976
11977
11977
11978
11980
11981
11983
11994
11995
11998
11999
12003
12004
12006
12007
12008
12009
12016
12017
12018
12023
12025
12033
12037
12042
12045
12046
12046
12046
12054
12056
12061
12062
12062
12067
12069
12073
12076
12082
12085
12090
12098
12101
12109
12114
12114
12114
12115
12119
12120
12122
12129
12130
12135
12139
12145
12145
12147
12150
12151
12161
12163
12168
12169
12184
12189
12190
12192
12199
12207
12208
12210
12213
12213
12219
12222
12224
12232
12234
12236
12236
12238
12249
12250
12250
12258
12263
12263
12264
12264
12266
12271
12275
12275
12291
12297
12300
12300
12301
12302
12302
12304
12306
12310
12313
12316
12320
12320
12321
12321
12323
12324
12329
12333
12340
12342
12345
12350
12353
12354
12357
12365
12366
12368
12369
12370
12371
12371
12372
12372
12373
12381
12385
12393
12399
12403
12403
12405
12408
12415
12419
12425
12428
12431
12434
12440
12445
12447
12448
12451
12451
12452
12452
12461
12461
12464
12471
12476
12478
12480
12482
12491
12492
12493
12496
12497
12500
12501
12506
12511
12517
12519
12519
12525
12526
12526
12531
12531
12535
12539
12549
12550
12554
12558
12558
12564
12566
12570
12571
12571
12572
12575
12583
12586
12598
12598
12598
12600
12606
12607
12612
12612
12618
12623
12624
12634
12637
12643
12649
12650
12651
12656
12658
12658
12664
12666
12666
12678
12680
12686
12686
12688
12691
12692
12693
12706
12709
12709
12710
12715
12717
12735
12738
12739
12739
12744
12750
12751
12752
12757
12761
12764
12772
12774
12774
12779
12784
12785
12786
12792
12792
12798
12802
12806
12808
12813
12814
12814
12816
12822
12829
12832
12837
12849
12854
12857
12858
12860
12860
12871
12873
12874
12877
12881
12882
12883
12884
12887
12888
12889
12890
12895
12898
12919
12920
12921
12922
12928
12932
12941
12944
12955
12957
12962
12963
12966
12967
12975
12981
12987
12990
12995
12996
13002
13004
13013
13019
13028
13031
13031
13039
13040
13041
13043
13046
13046
13053
13053
13056
13061
13063
13064
13071
13074
13075
13079
13083
13086
13087
13087
13087
13088
13095
13095
13096
13100
13104
13106
13108
13108
13116
13118
13119
13120
13124
13126
13141
13141
13141
13142
13143
13144
13144
13148
13153
13155
13160
13161
13173
13174
13175
13179
13183
13183
13189
13191
13211
13213
13214
13223
13227
13232
13233
13240
13242
13242
13246
13251
13254
13258
13261
13262
13277
13280
13281
13286
13288
13291
13292
13296
13298
13299
13307
13311
13313
13318
13319
13323
13328
13328
13336
13339
13346
13346
13366
13372
13379
13381
13385
13389
13390
13397
13402
13406
13412
13412
13414
13415
13416
13418
13419
13424
13425
13426
13426
13435
13436
13439
13440
13445
13446
13449
13449
13449
13453
13455
13459
13461
13461
13463
13465
13473
13481
13482
13488
13492
13494
13497
13505
13506
13513
13516
13521
13522
13529
13530
13531
13532
13533
13533
13539
13547
13548
13550
13555
13555
13560
13563
13567
13570
13573
13577
13577
13581
13582
13582
13591
13594
13596
13596
13601
13606
13608
13611
13613
13614
13615
13625
13627
13631
13634
13637
13643
13645
13649
13651
13655
13661
13669
13675
13676
13681
13690
13692
13696
13697
13699
13699
13701
13705
13715
13715
13716
13729
13733
13735
13740
13745
13745
13746
13747
13754
13754
13755
13761
13762
13765
13771
13773
13778
13778
13781
13783
13789
13793
13799
13807
13807
13808
13808
13813
13817
13822
13823
13826
13827
13835
13838
13846
13849
13851
13852
13853
13857
13858
13861
13864
13865
13869
13872
13873
13874
13881
13885
13896
13897
13900
13903
13903
13906
13906
13907
13913
13916
13918
13919
13922
13923
13924
13924
13926
13928
13929
13930
13933
13935
13935
13938
13953
13960
13969
13969
13971
13978
13987
13991
13997
13998
14008
14009
14013
14015
14023
14024
14027
14032
14040
14041
14041
14043
14047
14050
14058
14061
14063
14065
14067
14072
14076
14086
14089
14089
14097
14111
14112
14115
14115
14128
14131
14132
14137
14143
14144
14148
14155
14156
14156
14159
14166
14169
14172
14173
14173
14181
14181
14183
14188
14190
14195
14196
14197
14204
14204
14205
14206
14209
14210
14213
14214
14215
14216
14221
14224
14232
14235
14236
14238
14239
14243
14250
14252
14258
14263
14267
14268
14270
14271
14272
14280
14280
14282
14283
14283
14284
14285
14289
14295
14299
14304
14304
14307
14307
14316
14319
14320
14322
14330
14331
14332
14334
14335
14339
14345
14347
14359
14362
14365
14369
14373
14376
14376
14377
14380
14380
14384
14384
14392
14395
14401
14405
14406
14414
14422
14422
14422
14428
14430
14436
14442
14452
14453
14454
14456
14456
14460
14464
14465
14471
14480
14482
14487
14491
14498
14499
14503
14505
14510
14514
14518
14521
14525
14528
14529
14531
14534
14536
14537
14537
14543
14544
14549
14551
14554
14556
14557
14561
14565
14568
14574
14577
14578
14582
14585
14587
14591
14596
14600
14606
14606
14606
14607
14615
14616
14618
14619
14621
14622
14622
14622
14624
14625
14626
14631
14631
14639
14648
14653
14656
14658
14666
14666
14668
14674
14674
14681
14683
14683
14685
14686
14691
14693
14695
14698
14705
14709
14712
14719
14729
14733
14734
14736
14739
14739
14740
14740
14742
14749
14757
14760
14761
14762
14764
14771
14773
14786
14786
14801
14802
14808
14808
14809
14817
14818
14820
14821
14823
14831
14839
14841
14845
14846
14847
14847
14859
14859
14861
14866
14867
14868
14872
14877
14878
14889
14893
14893
14896
14896
14901
14907
14910
14915
14917
14917
14921
14924
14925
14938
14942
14943
14944
14950
14952
14955
14958
14970
14972
14976
14980
14980
14981
14981
14987
14988
14989
14989
14991
14994
14994
14997
14997
14998
14999
14999
15001
15003
15004
15005
15008
15009
15010
15011
15012
15012
15014
15014
15027
15034
15034
15046
15051
15051
15054
15059
15062
15064
15064
15065
15077
15081
15089
15092
15093
15100
15100
15100
15103
15110
15110
15116
15120
15126
15137
15137
15140
15148
15161
15166
15176
15183
15185
15190
15192
15195
15197
15198
15200
15203
15204
15218
15218
15224
15224
15227
15227
15229
15230
15231
15237
15240
15245
15245
15255
15255
15259
15261
15263
15268
15270
15272
15273
15284
15287
15288
15291
15303
15310
15314
15324
15326
15326
15329
15331
15335
15337
15341
15342
15342
15343
15346
15350
15352
15356
15357
15359
15363
15367
15376
15383
15385
15385
15394
15395
15403
15404
15418
15421
15429
15432
15442
15446
15447
15449
15452
15458
15461
15463
15463
15464
15469
15471
15475
15478
15482
15484
15486
15486
15488
15489
15489
15494
15494
15496
15497
15505
15506
15509
15510
15515
15516
15518
15518
15519
15519
15519
15520
15525
15529
15529
15537
15538
15541
15546
15547
15550
15555
15558
15560
15560
15563
15565
15568
15569
15570
15574
15576
15577
15580
15580
15586
15587
15589
15593
15595
15600
15603
15605
15605
15606
15607
15610
15611
15614
15618
15620
15627
15629
15629
15629
15630
15630
15633
15635
15635
15636
15642
15646
15649
15650
15657
15659
15663
15664
15665
15671
15683
15686
15694
15699
15700
15704
15705
15706
15706
15709
15709
15727
15735
15737
15741
15743
15746
15747
15750
15752
15755
15756
15757
15760
15766
15766
15766
15771
15774
15777
15777
15779
15780
15782
15784
15785
15787
15788
15790
15790
15793
15795
15796
15802
15803
15805
15808
15818
15830
15835
15836
15838
15839
15839
15839
15847
15848
15853
15857
15865
15866
15870
15872
15875
15875
15883
15890
15894
15897
15898
15899
15900
15903
15905
15911
15926
15927
15929
15930
15931
15931
15935
15939
15941
15943
15944
15952
15965
15970
15973
15983
15987
15989
15995
15996
15998
16000
16001
16004
16006
16007
16007
16009
16009
16011
16015
16015
16026
16026
16027
16030
16033
16036
16040
16040
16053
16068
16072
16072
16085
16085
16088
16088
16091
16094
16096
16103
16106
16110
16113
16121
16122
16123
16124
16124
16126
16128
16129
16142
16154
16154
16163
16163
16166
16168
16170
16174
16179
16184
16184
16187
16195
16202
16206
16206
16214
16219
16220
16221
16223
16226
16230
16236
16241
16244
16249
16251
16253
16253
16255
16258
16258
16267
16273
16274
16280
16283
16289
16290
16292
16298
16303
16303
16303
16304
16304
16305
16306
16307
16307
16311
16311
16313
16314
16340
16341
16347
16351
16352
16355
16358
16362
16362
16365
16367
16370
16381
16381
16382
16384
16388
16391
16396
16396
16398
16406
16414
16415
16418
16428
16430
16435
16440
16448
16454
16458
16461
16466
16475
16476
16480
16499
16502
16505
16507
16510
16517
16519
16527
16528
16529
16532
16533
16535
16536
16541
16548
16552
16554
16554
16555
16556
16559
16561
16561
16571
16573
16585
16586
16586
16596
16598
16599
16601
16609
16612
16616
16629
16629
16634
16637
16637
16638
16645
16656
16657
16660
16660
16661
16661
16662
16670
16671
16672
16673
16673
16680
16681
16690
16692
16693
16696
16698
16699
16701
16705
16710
16712
16714
16715
16717
16737
16750
16752
16763
16763
16764
16765
16765
16769
16773
16774
16776
16783
16790
16800
16811
16813
16817
16820
16823
16833
16836
16837
16837
16839
16840
16842
16846
16846
16848
16850
16851
16852
16854
16863
16866
16867
16872
16873
16879
16880
16895
16896
16898
16905
16922
16927
16929
16939
16940
16942
16944
16945
16947
16948
16951
16953
16954
16956
16959
16963
16964
16964
16964
16965
16976
16977
16983
16984
16985
16990
16991
16992
16992
16993
16997
16999
17003
17010
17011
17013
17017
17017
17030
17034
17035
17037
17038
17043
17050
17053
17054
17062
17062
17064
17067
17082
17085
17089
17089
17095
17107
17109
17111
17111
17112
17113
17114
17116
17127
17133
17134
17134
17148
17151
17153
17170
17171
17184
17190
17190
17193
17197
17198
17199
17201
17203
17203
17204
17205
17214
17218
17223
17228
17240
17247
17251
17254
17257
17257
17259
17261
17261
17265
17272
17279
17281
17285
17290
17290
17290
17292
17298
17303
17305
17311
17321
17324
17328
17331
17346
17354
17360
17360
17368
17376
17379
17380
17382
17383
17384
17392
17394
17395
17396
17398
17398
17398
17400
17401
17404
17407
17407
17408
17414
17419
17425
17430
17434
17436
17437
17441
17450
17455
17456
17459
17461
17464
17478
17480
17481
17482
17485
17490
17495
17509
17510
17519
17523
17524
17529
17534
17541
17541
17542
17542
17544
17544
17546
17546
17552
17552
17553
17557
17573
17575
17576
17581
17587
17593
17595
17596
17600
17606
17611
17612
17613
17616
17617
17618
17618
17621
17624
17625
17627
17635
17638
17645
17648
17651
17652
17656
17660
17660
17661
17664
17664
17664
17666
17676
17681
17683
17684
17686
17689
17689
17692
17707
17709
17715
17721
17722
17727
17734
17734
17737
17749
17751
17754
17771
17777
17778
17779
17779
17780
17789
17791
17794
17796
17807
17813
17813
17814
17817
17819
17824
17826
17830
17833
17836
17836
17844
17845
17849
17854
17859
17861
17868
17869
17877
17879
17882
17885
17889
17893
17893
17905
17909
17910
17914
17917
17918
17930
17938
17938
17940
17941
17941
17946
17946
17947
17948
17955
17955
17958
17960
17960
17963
17965
17967
17968
17969
17972
17991
17992
17993
17995
18000
18001
18006
18011
18012
18021
18023
18036
18037
18041
18042
18044
18049
18051
18055
18057
18062
18063
18064
18081
18085
18085
18093
18094
18101
18104
18106
18107
18109
18112
18115
18118
18121
18127
18134
18137
18139
18141
18142
18142
18143
18143
18144
18152
18154
18158
18159
18160
18160
18162
18179
18179
18179
18180
18180
18188
18193
18199
18203
18205
18212
18216
18224
18225
18230
18233
18233
18238
18242
18248
18248
18249
18250
18260
18265
18265
18275
18276
18277
18284
18285
18286
18294
18301
18306
18306
18308
18308
18309
18313
18321
18321
18323
18324
18325
18328
18333
18335
18357
18362
18364
18370
18370
18371
18375
18376
18378
18378
18378
18382
18384
18384
18387
18388
18394
18399
18402
18405
18412
18417
18418
18427
18432
18433
18434
18443
18446
18456
18463
18466
18468
18472
18473
18474
18482
18482
18482
18489
18494
18503
18504
18508
18510
18510
18515
18517
18519
18521
18522
18524
18527
18532
18533
18536
18537
18539
18542
18550
18556
18556
18557
18559
18562
18566
18568
18569
18571
18572
18578
18585
18591
18595
18598
18601
18603
18604
18605
18614
18614
18621
18622
18624
18626
18627
18627
18631
18636
18644
18648
18648
18651
18653
18654
18655
18655
18655
18656
18656
18665
18668
18669
18671
18683
18686
18699
18700
18700
18702
18705
18706
18710
18710
18712
18712
18716
18721
18723
18723
18724
18724
18726
18730
18732
18742
18744
18755
18755
18756
18757
18765
18770
18771
18772
18778
18782
18782
18788
18790
18795
18798
18798
18800
18801
18805
18807
18812
18812
18824
18826
18829
18830
18835
18835
18836
18837
18838
18848
18851
18858
18863
18865
18871
18873
18874
18876
18877
18880
18883
18884
18885
18889
18890
18895
18895
18896
18901
18903
18903
18909
18910
18924
18925
18927
18927
18933
18934
18936
18937
18941
18955
18956
18958
18959
18961
18963
18965
18965
18965
18971
18980
18982
18983
18991
19001
19001
19002
19002
19013
19014
19021
19022
19026
19033
19038
19042
19054
19054
19065
19065
19073
19074
19079
19081
19082
19087
19096
19096
19098
19104
19105
19106
19108
19108
19109
19110
19119
19121
19123
19123
19124
19129
19129
19138
19139
19142
19143
19143
19145
19148
19149
19156
19165
19167
19171
19172
19181
19181
19189
19191
19191
19192
19192
19193
19199
19199
19215
19216
19220
19220
19223
19236
19244
19244
19245
19254
19256
19262
19267
19270
19272
19274
19282
19284
19284
19286
19288
19293
19298
19299
19300
19301
19302
19302
19317
19324
19330
19336
19338
19342
19343
19344
19350
19351
19353
19356
19360
19368
19369
19371
19372
19373
19379
19382
19385
19386
19386
19387
19390
19395
19396
19411
19415
19416
19418
19421
19429
19429
19430
19431
19432
19433
19435
19437
19445
19446
19448
19449
19453
19456
19462
19462
19464
19470
19496
19503
19507
19509
19518
19518
19521
19523
19532
19532
19534
19535
19538
19543
19545
19546
19546
19553
19553
19554
19561
19567
19569
19576
19584
19584
19589
19592
19593
19598
19599
19603
19605
19619
19622
19640
19648
19657
19662
19664
19665
19667
19673
19674
19677
19678
19680
19682
19682
19683
19685
19691
19691
19692
19696
19697
19704
19705
19716
19720
19724
19725
19725
19729
19738
19740
19744
19749
19750
19750
19752
19753
19753
19758
19767
19770
19771
19775
19776
19784
19786
19791
19791
19795
19795
19807
19809
19820
19820
19829
19831
19833
19836
19841
19848
19850
19853
19855
19858
19861
19862
19869
19869
19869
19870
19875
19877
19881
19889
19891
19896
19899
19916
19924
19924
19924
19934
19935
19936
19939
19940
19945
19953
19957
19959
19960
19960
19962
19968
19971
19973
19974
19980
19983
19986
19990
19991
19992
19998
19998
20008
20014
20017
20018
20024
20027
20027
20033
20035
20039
20039
20048
20049
20054
20058
20063
20065
20066
20071
20073
20073
20076
20076
20084
20089
20090
20092
20092
20094
20097
20101
20102
20104
20104
20106
20117
20119
20124
20124
20125
20128
20135
20139
20139
20143
20144
20146
20146
20149
20154
20165
20169
20170
20174
20177
20188
20192
20194
20196
20199
20201
20204
20207
20210
20214
20214
20219
20219
20219
20223
20226
20229
20232
20235
20236
20239
20240
20242
20245
20251
20254
20256
20257
20259
20261
20262
20268
20271
20272
20277
20281
20287
20292
20293
20295
20299
20300
20302
20304
20305
20306
20306
20316
20317
20322
20325
20325
20327
20333
20336
20339
20346
20347
20362
20362
20363
20366
20368
20378
20380
20381
20381
20387
20403
20404
20406
20409
20412
20412
20413
20415
20416
20420
20423
20424
20425
20427
20427
20433
20438
20439
20441
20445
20447
20450
20451
20454
20455
20455
20456
20460
20471
20480
20480
20481
20483
20483
20483
20485
20494
20499
20502
20503
20509
20509
20511
20516
20518
20520
20522
20523
20523
20527
20528
20532
20536
20552
20554
20555
20564
20565
20567
20568
20569
20572
20575
20575
20577
20589
20597
20623
20625
20626
20627
20628
20637
20637
20638
20644
20645
20647
20651
20653
20663
20670
20672
20683
20693
20693
20694
20705
20708
20709
20714
20719
20722
20722
20725
20732
20734
20739
20742
20743
20749
20752
20755
20756
20762
20773
20775
20779
20780
20781
20782
20797
20799
20805
20808
20809
20833
20838
20849
20852
20858
20859
20866
20868
20868
20870
20871
20876
20878
20883
20885
20887
20888
20900
20901
20909
20909
20915
20917
20923
20929
20937
20941
20947
20948
20952
20965
20965
20967
20980
20984
21001
21002
21003
21005
21007
21009
21010
21012
21019
21019
21021
21021
21022
21025
21027
21029
21031
21033
21036
21039
21040
21042
21042
21043
21046
21048
21056
21058
21064
21067
21068
21070
21074
21075
21082
21085
21086
21092
21096
21100
21100
21101
21109
21114
21114
21116
21118
21118
21122
21122
21125
21128
21130
21131
21133
21133
21136
21136
21139
21141
21146
21147
21148
21150
21151
21161
21167
21168
21169
21171
21175
21183
21186
21194
21197
21199
21201
21208
21216
21219
21219
21221
21222
21225
21227
21228
21240
21244
21245
21248
21255
21260
21261
21263
21269
21287
21292
21302
21305
21311
21314
21315
21316
21320
21326
21335
21336
21338
21345
21347
21348
21351
21354
21354
21355
21361
21364
21365
21369
21370
21371
21377
21378
21383
21385
21386
21386
21392
21395
21396
21402
21410
21418
21426
21427
21429
21433
21437
21439
21440
21440
21444
21445
21445
21448
21454
21456
21457
21463
21464
21466
21475
21478
21479
21481
21481
21485
21485
21487
21497
21500
21506
21507
21511
21513
21520
21522
21525
21525
21528
21530
21534
21535
21536
21537
21546
21547
21550
21552
21553
21556
21556
21561
21562
21563
21564
21564
21568
21569
21570
21572
21573
21573
21575
21581
21581
21592
21594
21596
21597
21603
21603
21610
21610
21611
21612
21613
21621
21627
21627
21628
21650
21650
21653
21655
21655
21659
21663
21664
21665
21668
21674
21678
21678
21687
21690
21699
21701
21702
21705
21710
21710
21711
21712
21714
21722
21724
21725
21731
21731
21732
21733
21734
21742
21743
21747
21747
21748
21751
21753
21759
21763
21768
21769
21771
21771
21779
21779
21780
21783
21785
21785
21791
21793
21793
21795
21799
21799
21805
21807
21808
21809
21813
21815
21824
21835
21836
21837
21846
21859
21867
21872
21875
21875
21876
21877
21883
21883
21886
21886
21887
21889
21889
21894
21895
21897
21905
21906
21914
21915
21916
21919
21921
21925
21926
21927
21927
21930
21931
21931
21935
21939
21941
21944
21946
21947
21947
21954
21955
21965
21967
21969
21977
21982
21986
21988
21989
21989
21992
21995
21997
22000
22003
22004
22006
22006
22007
22016
22018
22019
22025
22028
22029
22032
22033
22035
22036
22044
22046
22047
22048
22052
22067
22071
22086
22087
22089
22092
22099
22100
22102
22108
22112
22119
22121
22122
22127
22129
22137
22138
22150
22164
22168
22175
22177
22179
22191
22197
22198
22201
22203
22205
22209
22215
22223
22228
22229
22234
22250
22251
22252
22254
22255
22257
22259
22260
22261
22263
22268
22275
22285
22285
22285
22287
22287
22287
22296
22298
22299
22299
22301
22310
22310
22311
22322
22326
22330
22331
22335
22335
22336
22345
22346
22346
22348
22359
22369
22372
22379
22380
22381
22383
22383
22384
22384
22385
22386
22386
22386
22386
22389
22389
22395
22398
22399
22399
22417
22418
22430
22435
22442
22443
22446
22448
22448
22453
22459
22463
22465
22469
22476
22482
22483
22488
22495
22495
22495
22496
22496
22505
22505
22506
22507
22515
22517
22519
22522
22522
22530
22532
22541
22544
22551
22553
22556
22563
22565
22586
22586
22587
22588
22594
22598
22600
22606
22608
22608
22610
22618
22622
22630
22631
22636
22636
22638
22642
22642
22643
22644
22644
22645
22645
22646
22653
22655
22656
22656
22661
22664
22664
22665
22668
22672
22672
22675
22675
22679
22683
22683
22684
22686
22690
22697
22705
22707
22711
22714
22718
22726
22730
22736
22736
22738
22739
22744
22745
22749
22749
22750
22756
22758
22762
22765
22772
22773
22774
22784
22785
22798
22803
22804
22814
22828
22829
22830
22842
22844
22850
22853
22854
22854
22856
22856
22856
22857
22864
22868
22871
22873
22878
22878
22884
22885
22886
22887
22888
22897
22904
22906
22906
22907
22909
22912
22913
22919
22919
22920
22922
22924
22924
22929
22937
22941
22942
22943
22947
22947
22948
22949
22949
22950
22951
22956
22963
22964
22965
22968
22970
22975
22976
22977
22982
22986
22988
22990
22990
22991
23000
23001
23004
23008
23037
23038
23039
23040
23044
23050
23067
23075
23079
23081
23088
23090
23096
23098
23103
23116
23121
23123
23126
23130
23131
23132
23137
23140
23140
23144
23144
23149
23157
23162
23163
23170
23170
23171
23171
23172
23175
23182
23185
23186
23189
23193
23204
23207
23207
23219
23226
23232
23237
23240
23245
23245
23246
23259
23261
23262
23264
23265
23275
23275
23276
23280
23286
23291
23307
23308
23318
23323
23324
23327
23328
23332
23333
23340
23340
23344
23344
23347
23348
23349
23352
23354
23363
23380
23380
23381
23383
23387
23396
23398
23400
23402
23404
23405
23410
23412
23412
23414
23414
23416
23417
23421
23433
23451
23451
23455
23455
23456
23458
23461
23462
23465
23474
23478
23480
23484
23493
23500
23502
23503
23507
23508
23515
23517
23520
23524
23525
23529
23530
23534
23535
23538
23542
23548
23549
23549
23549
23553
23553
23553
23555
23556
23556
23558
23559
23566
23566
23574
23578
23580
23585
23586
23592
23592
23592
23592
23593
23602
23603
23605
23605
23608
23610
23611
23614
23618
23625
23627
23629
23630
23636
23643
23647
23652
23653
23655
23657
23658
23664
23667
23669
23673
23675
23676
23677
23683
23688
23689
23690
23704
23705
23705
23708
23709
23710
23712
23716
23728
23730
23731
23734
23736
23739
23742
23750
23753
23763
23763
23767
23767
23768
23771
23773
23775
23780
23782
23786
23792
23794
23798
23800
23800
23801
23801
23803
23809
23814
23816
23820
23821
23822
23826
23834
23834
23836
23839
23839
23845
23847
23848
23849
23849
23855
23858
23861
23862
23866
23871
23872
23873
23877
23877
23886
23895
23897
23898
23903
23907
23908
23912
23913
23917
23917
23928
23929
23933
23939
23948
23949
23950
23952
23953
23955
23955
23960
23969
23979
23981
23982
23986
23990
23990
23993
23994
23999
24002
24009
24011
24016
24018
24020
24026
24027
24028
24031
24031
24033
24036
24037
24041
24041
24049
24050
24053
24058
24059
24061
24068
24073
24079
24082
24084
24095
24100
24103
24104
24108
24108
24109
24111
24112
24114
24119
24122
24124
24124
24125
24126
24128
24128
24140
24144
24151
24159
24162
24163
24164
24166
24166
24172
24180
24188
24191
24192
24199
24199
24202
24203
24209
24210
24213
24214
24215
24217
24219
24222
24230
24234
24240
24243
24247
24250
24253
24256
24262
24267
24276
24278
24280
24288
24292
24293
24296
24297
24298
24301
24307
24312
24313
24314
24314
24319
24321
24321
24321
24323
24327
24335
24335
24337
24346
24347
24358
24363
24376
24376
24379
24379
24395
24398
24403
24404
24404
24405
24411
24414
24419
24422
24427
24429
24430
24432
24437
24441
24441
24442
24444
24448
24454
24455
24455
24457
24458
24461
24462
24464
24465
24469
24474
24476
24482
24482
24484
24484
24486
24491
24505
24506
24507
24509
24511
24518
24520
24522
24523
24526
24527
24528
24528
24532
24533
24542
24543
24544
24547
24549
24549
24555
24555
24559
24563
24572
24574
24585
24592
24595
24610
24610
24618
24620
24620
24622
24624
24626
24629
24631
24640
24647
24650
24650
24654
24660
24671
24672
24674
24675
24676
24678
24686
24691
24696
24700
24726
24728
24730
24732
24733
24736
24739
24742
24743
24746
24757
24758
24767
24771
24775
24777
24778
24780
24781
24789
24789
24791
24791
24792
24794
24799
24800
24802
24805
24805
24805
24807
24809
24815
24821
24823
24823
24828
24833
24836
24840
24842
24846
24851
24860
24863
24866
24867
24868
24869
24870
24871
24874
24886
24889
24892
24894
24899
24901
24901
24903
24904
24908
24910
24914
24922
24925
24926
24927
24930
24930
24931
24932
24934
24945
24946
24950
24957
24969
24971
24973
24973
24978
24979
24980
24984
24989
24990
24991
24996
25012
25015
25015
25021
25024
25025
25027
25031
25031
25033
25034
25034
25037
25041
25045
25052
25053
25053
25053
25060
25061
25061
25064
25067
25068
25068
25072
25073
25075
25078
25086
25089
25089
25094
25095
25100
25109
25111
25111
25112
25116
25119
25119
25120
25123
25127
25132
25136
25138
25140
25140
25142
25142
25153
25154
25156
25157
25161
25164
25165
25166
25175
25183
25184
25185
25186
25187
25188
25191
25194
25198
25199
25201
25201
25203
25204
25210
25214
25214
25220
25221
25223
25224
25232
25232
25236
25238
25241
25242
25247
25248
25254
25256
25256
25257
25259
25259
25263
25266
25270
25274
25283
25284
25287
25289
25290
25292
25301
25304
25317
25320
25321
25323
25329
25339
25342
25349
25363
25367
25367
25370
25371
25375
25377
25381
25381
25383
25385
25388
25388
25392
25392
25393
25395
25399
25401
25402
25428
25428
25430
25433
25437
25440
25444
25445
25449
25449
25449
25452
25453
25453
25459
25460
25460
25462
25464
25468
25470
25472
25475
25480
25482
25484
25487
25487
25489
25491
25493
25494
25501
25508
25518
25525
25525
25527
25531
25535
25535
25537
25538
25540
25541
25551
25556
25561
25573
25574
25578
25580
25582
25583
25586
25590
25593
25593
25596
25605
25608
25608
25609
25612
25615
25616
25618
25622
25624
25624
25632
25634
25635
25635
25636
25645
25648
25654
25655
25658
25658
25659
25663
25666
25667
25670
25671
25676
25683
25684
25692
25696
25703
25705
25709
25719
25722
25722
25722
25731
25732
25733
25740
25741
25743
25751
25751
25753
25755
25762
25763
25766
25766
25766
25767
25768
25768
25772
25772
25774
25781
25782
25782
25787
25791
25794
25794
25803
25804
25808
25810
25815
25820
25835
25837
25838
25846
25852
25853
25859
25862
25863
25864
25864
25869
25869
25870
25872
25877
25879
25884
25885
25885
25885
25886
25886
25888
25889
25890
25891
25891
25908
25914
25928
25939
25948
25949
25950
25950
25951
25952
25956
25960
25960
25961
25967
25971
25971
25985
25986
25991
25991
25992
25994
25999
26002
26004
26005
26011
26011
26014
26015
26016
26021
26023
26026
26027
26028
26028
26030
26031
26032
26034
26036
26036
26040
26042
26046
26048
26050
26053
26053
26054
26055
26063
26067
26070
26071
26071
26085
26086
26089
26089
26091
26093
26098
26100
26104
26105
26113
26121
26122
26124
26129
26135
26140
26141
26143
26147
26149
26154
26161
26163
26164
26170
26173
26176
26180
26185
26189
26193
26196
26203
26204
26208
26211
26211
26216
26225
26225
26229
26230
26235
26236
26239
26241
26241
26244
26248
26249
26252
26258
26260
26266
26269
26271
26276
26279
26280
26282
26291
26292
26296
26305
26306
26306
26308
26311
26315
26320
26323
26328
26328
26335
26337
26340
26341
26342
26345
26349
26361
26364
26364
26372
26373
26373
26380
26380
26382
26383
26384
26389
26391
26391
26394
26399
26401
26408
26410
26420
26421
26425
26429
26430
26432
26434
26438
26444
26445
26445
26454
26454
26460
26461
26461
26464
26467
26469
26476
26479
26479
26481
26481
26482
26483
26484
26486
26491
26493
26497
26499
26499
26503
26504
26508
26511
26512
26513
26513
26513
26529
26530
26530
26530
26533
26534
26540
26542
26553
26555
26556
26557
26558
26564
26567
26567
26568
26574
26583
26586
26588
26593
26595
26597
26601
26601
26607
26612
26616
26618
26618
26620
26623
26623
26625
26628
26633
26634
26637
26637
26641
26643
26646
26651
26653
26653
26654
26657
26661
26661
26664
26672
26681
26683
26686
26695
26696
26697
26701
26702
26706
26708
26708
26711
26712
26716
26716
26719
26720
26724
26738
26742
26747
26758
26759
26759
26761
26762
26766
26776
26782
26786
26787
26793
26794
26795
26799
26804
26806
26806
26811
26817
26817
26818
26824
26826
26827
26829
26839
26842
26843
26849
26852
26855
26862
26863
26864
26867
26871
26872
26873
26878
26884
26887
26897
26902
26903
26911
26914
26916
26918
26925
26927
26928
26928
26939
26943
26943
26945
26947
26948
26950
26956
26960
26964
26967
26967
26972
26972
26982
26990
26991
26993
26995
26995
26998
27000
27001
27003
27009
27011
27012
27021
27021
27022
27023
27028
27031
27035
27036
27038
27040
27045
27047
27048
27050
27055
27057
27059
27063
27063
27067
27071
27071
27073
27076
27076
27078
27079
27086
27087
27101
27101
27106
27110
27116
27117
27118
27122
27126
27130
27131
27131
27131
27133
27136
27140
27150
27151
27152
27156
27164
27169
27173
27174
27175
27176
27176
27181
27182
27183
27184
27186
27189
27190
27194
27196
27196
27199
27199
27201
27205
27211
27231
27234
27241
27244
27245
27247
27247
27249
27256
27262
27263
27269
27273
27280
27282
27286
27293
27297
27297
27299
27300
27304
27307
27317
27328
27329
27333
27334
27335
27340
27361
27369
27370
27381
27384
27385
27385
27386
27388
27389
27389
27391
27391
27403
27405
27408
27410
27411
27416
27418
27424
27425
27425
27428
27438
27440
27441
27441
27442
27442
27445
27449
27449
27453
27455
27465
27466
27467
27470
27470
27475
27486
27488
27489
27491
27493
27496
27502
27508
27508
27509
27515
27518
27519
27527
27528
27530
27531
27531
27531
27532
27533
27534
27535
27547
27549
27555
27557
27561
27564
27565
27567
27569
27574
27575
27577
27586
27589
27595
27599
27600
27601
27605
27613
27616
27617
27618
27618
27620
27624
27626
27628
27629
27629
27631
27633
27636
27639
27640
27640
27643
27658
27659
27666
27669
27672
27673
27682
27685
27686
27691
27692
27700
27700
27704
27707
27709
27720
27720
27720
27723
27727
27731
27733
27735
27741
27749
27758
27759
27760
27762
27765
27766
27766
27771
27771
27774
27776
27776
27777
27778
27789
27793
27804
27805
27812
27815
27818
27823
27823
27828
27828
27838
27838
27842
27844
27846
27847
27848
27852
27855
27857
27858
27859
27861
27861
27863
27864
27868
27869
27870
27871
27877
27893
27896
27896
27899
27900
27900
27908
27916
27917
27920
27922
27924
27925
27926
27927
27927
27929
27929
27933
27934
27934
27935
27936
27937
27938
27940
27940
27951
27955
27965
27968
27970
27970
27971
27978
27983
27985
27986
27986
27987
27988
27989
27994
27994
27995
27999
28003
28007
28015
28018
28019
28020
28023
28029
28032
28036
28038
28043
28049
28051
28056
28058
28058
28065
28065
28067
28068
28070
28075
28075
28076
28078
28080
28081
28082
28083
28084
28084
28085
28085
28087
28087
28089
28097
28097
28104
28105
28107
28110
28115
28116
28116
28124
28126
28128
28131
28135
28137
28139
28148
28149
28152
28157
28159
28159
28164
28166
28169
28171
28176
28178
28179
28186
28188
28191
28193
28195
28198
28209
28220
28221
28221
28225
28227
28228
28230
28231
28232
28233
28234
28235
28239
28251
28251
28253
28265
28266
28268
28270
28285
28292
28294
28303
28306
28310
28311
28318
28318
28329
28329
28330
28331
28332
28335
28336
28340
28341
28342
28347
28348
28352
28353
28354
28363
28366
28369
28378
28379
28384
28389
28390
28391
28393
28397
28399
28403
28403
28406
28412
28423
28430
28442
28443
28445
28448
28453
28457
28459
28462
28472
28472
28481
28484
28493
28493
28499
28500
28502
28506
28507
28509
28512
28513
28522
28532
28536
28541
28543
28546
28551
28551
28555
28561
28562
28565
28574
28576
28577
28581
28587
28592
28593
28595
28596
28596
28597
28597
28604
28604
28612
28615
28615
28617
28620
28624
28624
28624
28625
28626
28629
28634
28640
28646
28648
28654
28654
28656
28660
28664
28664
28665
28669
28670
28675
28677
28678
28680
28694
28698
28699
28701
28702
28704
28705
28705
28708
28716
28719
28721
28723
28726
28731
28732
28733
28737
28739
28744
28746
28750
28752
28756
28758
28771
28773
28775
28779
28781
28793
28794
28797
28802
28802
28804
28805
28807
28810
28816
28821
28825
28826
28829
28830
28836
28838
28843
28843
28856
28858
28859
28861
28869
28870
28877
28880
28886
28887
28892
28900
28903
28903
28903
28904
28921
28925
28927
28928
28932
28932
28937
28939
28940
28941
28941
28943
28960
28965
28973
28973
28976
28976
28987
28991
28994
28996
28997
28998
29006
29013
29015
29020
29021
29024
29031
29033
29034
29036
29039
29041
29044
29045
29047
29047
29048
29056
29059
29060
29061
29063
29067
29068
29071
29071
29071
29071
29078
29080
29084
29094
29102
29102
29108
29109
29111
29113
29118
29118
29121
29124
29126
29130
29135
29138
29138
29142
29143
29143
29144
29147
29155
29156
29168
29183
29187
29189
29201
29203
29206
29210
29219
29225
29228
29246
29254
29256
29259
29260
29270
29273
29274
29276
29283
29292
29292
29299
29299
29302
29305
29315
29316
29319
29322
29323
29329
29330
29331
29333
29345
29350
29354
29355
29355
29362
29362
29364
29366
29378
29378
29385
29388
29392
29393
29393
29393
29397
29399
29400
29400
29400
29404
29404
29407
29411
29414
29419
29428
29429
29429
29432
29440
29441
29445
29449
29455
29456
29457
29459
29465
29467
29470
29473
29476
29482
29483
29486
29487
29487
29488
29491
29491
29492
29493
29496
29503
29508
29511
29520
29522
29525
29530
29533
29533
29533
29536
29542
29545
29558
29564
29567
29572
29574
29574
29574
29574
29586
29598
29604
29627
29627
29636
29639
29646
29649
29654
29657
29657
29657
29668
29668
29669
29672
29681
29685
29686
29687
29688
29692
29693
29700
29705
29711
29712
29714
29714
29715
29717
29723
29728
29729
29730
29735
29735
29736
29740
29742
29746
29748
29759
29762
29762
29765
29768
29773
29779
29781
29782
29783
29791
29793
29800
29800
29804
29809
29811
29815
29816
29826
29829
29835
29837
29842
29848
29849
29853
29854
29858
29866
29870
29875
29875
29876
29878
29884
29885
29885
29886
29887
29891
29891
29894
29896
29900
29906
29907
29910
29912
29912
29914
29915
29917
29922
29923
29925
29929
29945
29947
29949
29949
29949
29954
29955
29955
29957
29958
29971
29972
29973
29982
29990
29992
29992
29998
30001
30007
30007
30009
30018
30021
30023
30026
30027
30034
30036
30037
30041
30047
30050
30051
30054
30063
30064
30073
30074
30077
30078
30079
30079
30086
30093
30095
30097
30099
30100
30104
30109
30113
30115
30120
30127
30132
30135
30139
30139
30141
30141
30142
30149
30150
30150
30152
30162
30170
30171
30172
30174
30175
30175
30177
30182
30185
30186
30187
30194
30194
30199
30199
30203
30204
30209
30209
30217
30218
30219
30222
30228
30236
30237
30242
30248
30248
30258
30260
30262
30271
30271
30272
30273
30290
30292
30296
30303
30312
30314
30315
30318
30320
30320
30320
30323
30327
30327
30332
30332
30334
30336
30337
30338
30338
30339
30340
30341
30345
30350
30350
30354
30356
30356
30357
30359
30359
30361
30369
30369
30371
30377
30378
30393
30402
30405
30406
30413
30425
30427
30428
30429
30432
30436
30442
30443
30450
30455
30457
30461
30473
30474
30476
30480
30483
30484
30487
30495
30495
30496
30499
30499
30503
30511
30512
30512
30514
30516
30518
30519
30529
30529
30530
30531
30531
30538
30539
30539
30541
30545
30546
30547
30548
30549
30551
30554
30555
30558
30562
30563
30564
30564
30570
30570
30572
30575
30576
30576
30577
30580
30581
30585
30586
30587
30588
30590
30590
30600
30601
30615
30617
30618
30618
30619
30620
30621
30625
30626
30630
30635
30637
30641
30646
30649
30651
30663
30663
30664
30672
30678
30678
30680
30681
30684
30684
30688
30704
30711
30711
30718
30720
30720
30727
30730
30731
30732
30737
30740
30740
30749
30751
30756
30756
30764
30767
30771
30774
30774
30775
30776
30778
30779
30783
30792
30792
30807
30807
30815
30817
30824
30824
30829
30832
30835
30841
30841
30842
30844
30844
30846
30847
30847
30847
30848
30849
30852
30854
30855
30859
30864
30868
30870
30875
30875
30876
30878
30878
30880
30886
30886
30886
30886
30891
30898
30898
30900
30908
30914
30914
30921
30922
30922
30924
30942
30944
30945
30946
30946
30949
30951
30954
30959
30966
30966
30969
30970
30974
30979
30979
30985
30986
30986
30986
30986
30987
30987
30994
30996
31002
31005
31008
31009
31010
31013
31013
31018
31018
31024
31025
31026
31027
31028
31033
31040
31041
31042
31042
31042
31042
31047
31053
31061
31062
31068
31069
31071
31078
31083
31091
31101
31102
31107
31107
31108
31110
31114
31115
31118
31124
31129
31140
31141
31143
31147
31148
31149
31150
31152
31157
31161
31164
31170
31176
31176
31179
31188
31191
31191
31197
31205
31205
31205
31205
31210
31212
31212
31217
31219
31220
31223
31231
31233
31233
31233
31235
31236
31240
31247
31249
31257
31266
31269
31270
31271
31274
31274
31274
31275
31276
31277
31281
31289
31291
31299
31300
31303
31313
31314
31315
31322
31324
31325
31326
31326
31328
31329
31332
31338
31339
31343
31347
31349
31353
31353
31358
31366
31367
31370
31374
31377
31377
31379
31380
31381
31382
31382
31386
31393
31394
31396
31399
31401
31406
31407
31408
31416
31420
31422
31423
31424
31425
31428
31428
31430
31430
31432
31434
31436
31441
31442
31452
31452
31458
31458
31460
31460
31461
31466
31469
31470
31483
31487
31487
31488
31488
31490
31492
31493
31497
31502
31505
31512
31513
31527
31527
31529
31529
31536
31537
31539
31540
31548
31551
31554
31555
31560
31565
31569
31572
31573
31582
31596
31597
31599
31601
31603
31613
31620
31631
31632
31632
31634
31635
31639
31644
31644
31647
31648
31662
31664
31665
31666
31669
31674
31678
31683
31685
31686
31696
31698
31701
31704
31707
31708
31709
31711
31715
31716
31716
31717
31720
31725
31726
31729
31730
31734
31736
31740
31740
31742
31751
31754
31757
31758
31761
31765
31765
31766
31769
31771
31773
31775
31776
31778
31791
31794
31797
31802
31804
31804
31807
31809
31810
31810
31818
31818
31819
31821
31826
31828
31828
31829
31835
31835
31835
31841
31846
31846
31847
31852
31852
31855
31855
31856
31862
31869
31870
31871
31873
31874
31877
31879
31880
31881
31891
31896
31896
31898
31908
31910
31911
31917
31926
31933
31935
31939
31939
31941
31941
31943
31944
31949
31949
31952
31955
31958
31959
31973
31977
31978
31989
32008
32009
32020
32028
32038
32039
32041
32042
32064
32066
32071
32073
32074
32077
32079
32080
32092
32092
32092
32095
32099
32101
32103
32105
32107
32108
32109
32118
32120
32122
32122
32125
32126
32127
32135
32135
32136
32143
32145
32145
32149
32162
32163
32171
32172
32173
32175
32180
32183
32184
32185
32187
32189
32190
32191
32194
32195
32200
32202
32203
32204
32209
32210
32213
32215
32216
32217
32220
32220
32222
32226
32229
32234
32240
32243
32250
32255
32255
32257
32260
32263
32263
32264
32265
32268
32269
32273
32276
32277
32282
32286
32288
32291
32292
32300
32304
32310
32311
32316
32319
32320
32321
32324
32324
32330
32334
32342
32344
32344
32345
32348
32352
32353
32356
32359
32360
32361
32363
32365
32365
32365
32366
32369
32370
32370
32370
32371
32373
32379
32380
32383
32386
32389
32396
32401
32407
32407
32411
32419
32420
32424
32425
32426
32429
32430
32432
32433
32436
32436
32440
32444
32447
32449
32450
32452
32459
32472
32472
32473
32474
32475
32476
32477
32481
32484
32486
32488
32506
32516
32519
32522
32527
32528
32537
32539
32539
32542
32546
32548
32556
32557
32559
32563
32568
32574
32574
32578
32580
32585
32587
32587
32594
32597
32600
32601
32603
32603
32606
32608
32611
32614
32615
32617
32629
32630
32633
32636
32638
32639
32645
32648
32649
32652
32662
32668
32672
32675
32675
32675
32677
32677
32680
32683
32684
32691
32693
32695
32698
32698
32701
32705
32706
32707
32708
32708
32710
32712
32712
32713
32713
32718
32721
32728
32733
32734
32734
32735
32742
32748
32748
32752
32756
32762
32763
