4
5
9
10
10
14
18
20
41
46
47
49
52
56
60
61
63
65
69
71
71
73
74
75
76
83
84
90
93
96
96
97
97
99
101
102
105
111
112
114
115
119
120
122
123
126
126
127
128
129
134
135
136
140
140
150
151
152
152
153
154
157
159
165
167
167
169
173
174
174
178
179
184
188
197
200
203
204
205
206
213
219
222
223
228
236
239
242
247
248
251
257
261
263
265
266
272
276
282
283
283
284
285
287
296
299
301
301
308
309
318
319
323
325
328
328
329
330
332
338
343
345
345
351
357
359
361
371
372
380
381
381
396
398
401
401
407
408
408
410
414
416
421
421
428
432
433
433
433
437
438
441
441
447
449
454
457
457
458
458
459
461
461
465
465
466
467
474
474
480
486
489
492
493
494
495
495
498
509
511
529
530
536
538
538
539
546
555
561
566
570
571
573
575
588
589
589
598
599
601
603
607
609
612
619
621
625
627
629
629
633
635
635
643
648
650
659
660
661
664
670
681
685
685
688
696
699
701
703
704
706
707
713
719
726
727
727
730
731
732
733
733
734
737
738
740
748
752
764
767
770
771
784
785
786
786
788
788
789
790
794
795
807
808
810
811
815
816
817
821
825
825
825
827
828
832
839
842
845
848
850
853
855
856
857
859
863
868
869
871
878
880
880
884
887
892
895
898
901
902
903
909
913
915
916
918
920
920
921
925
931
934
939
945
949
951
957
959
963
964
973
978
991
992
995
999
1002
1007
1008
1008
1017
1020
1020
1026
1027
1040
1043
1045
1045
1045
1049
1053
1056
1060
1061
1064
1067
1067
1072
1074
1076
1077
1081
1090
1096
1098
1100
1106
1111
1118
1119
1120
1121
1129
1130
1132
1133
1133
1144
1145
1147
1151
1154
1155
1158
1176
1176
1180
1182
1182
1185
1187
1187
1188
1188
1189
1189
1192
1201
1209
1217
1219
1220
1223
1228
1229
1237
1241
1245
1245
1246
1250
1250
1250
1253
1254
1259
1263
1266
1266
1271
1271
1274
1275
1279
1281
1284
1286
1288
1291
1294
1295
1296
1297
1299
1304
1306
1308
1311
1312
1317
1319
1322
1327
1331
1332
1332
1335
1337
1343
1343
1351
1362
1366
1366
1367
1373
1374
1376
1378
1384
1396
1399
1400
1401
1402
1418
1422
1427
1430
1440
1444
1445
1451
1455
1455
1457
1459
1462
1474
1479
1483
1484
1484
1485
1486
1488
1490
1491
1494
1505
1508
1513
1514
1516
1518
1519
1522
1530
1541
1542
1547
1552
1554
1555
1555
1566
1571
1576
1577
1577
1581
1586
1589
1596
1597
1597
1613
1616
1621
1623
1625
1626
1628
1630
1634
1641
1643
1643
1645
1646
1656
1657
1662
1667
1670
1671
1672
1674
1677
1677
1679
1681
1681
1684
1689
1692
1693
1701
1702
1705
1709
1714
1717
1721
1722
1724
1725
1730
1732
1742
1749
1763
1763
1766
1772
1774
1775
1776
1776
1780
1781
1785
1791
1792
1796
1798
1800
1801
1804
1805
1806
1809
1811
1812
1813
1815
1822
1831
1831
1832
1835
1836
1839
1846
1852
1857
1859
1863
1864
1865
1870
1873
1882
1892
1896
1901
1901
1901
1903
1904
1907
1908
1912
1915
1916
1926
1929
1929
1932
1933
1935
1936
1937
1938
1938
1939
1941
1945
1946
1948
1951
1957
1959
1959
1961
1962
1963
1968
1972
1973
1979
1984
1985
1986
1988
1993
2002
2003
2004
2008
2010
2014
2025
2025
2027
2030
2033
2035
2036
2038
2039
2039
2044
2056
2058
2063
2067
2091
2091
2104
2104
2108
2122
2124
2126
2128
2136
2139
2140
2142
2142
2145
2147
2157
2163
2166
2171
2172
2175
2177
2181
2181
2184
2188
2189
2195
2197
2198
2200
2201
2201
2202
2203
2204
2205
2205
2208
2212
2221
2223
2229
2233
2237
2245
2251
2253
2256
2257
2268
2280
2280
2289
2291
2292
2297
2299
2304
2309
2310
2311
2315
2316
2321
2324
2328
2330
2331
2332
2344
2349
2359
2363
2363
2367
2367
2371
2374
2377
2377
2378
2379
2383
2383
2384
2390
2391
2394
2397
2401
2402
2403
2412
2412
2413
2416
2423
2423
2424
2427
2428
2434
2443
2443
2447
2451
2455
2458
2461
2462
2464
2466
2468
2472
2473
2482
2483
2483
2494
2502
2505
2507
2509
2515
2519
2521
2522
2522
2523
2526
2528
2532
2537
2541
2566
2573
2575
2575
2587
2588
2593
2595
2595
2597
2600
2600
2609
2612
2613
2616
2617
2623
2626
2626
2629
2637
2640
2641
2643
2646
2649
2649
2651
2653
2653
2654
2662
2665
2666
2670
2677
2682
2683
2684
2688
2689
2690
2691
2691
2691
2694
2694
2695
2699
2703
2707
2708
2710
2711
2713
2716
2718
2720
2721
2724
2729
2732
2735
2737
2744
2744
2747
2752
2753
2754
2763
2764
2770
2774
2776
2785
2786
2786
2786
2789
2792
2801
2804
2805
2808
2809
2811
2812
2817
2822
2828
2829
2829
2831
2837
2849
2852
2856
2857
2864
2866
2867
2873
2874
2877
2879
2887
2888
2889
2892
2894
2894
2895
2906
2918
2919
2920
2922
2922
2928
2930
2931
2932
2934
2940
2941
2944
2958
2960
2961
2967
2974
2981
2984
2987
2988
2994
3007
3007
3010
3011
3014
3016
3022
3024
3028
3039
3049
3053
3054
3059
3063
3064
3066
3067
3068
3069
3070
3071
3075
3078
3080
3082
3087
3088
3094
3095
3098
3099
3109
3109
3112
3114
3125
3125
3129
3131
3132
3136
3140
3141
3146
3148
3150
3151
3155
3161
3167
3168
3172
3179
3179
3179
3187
3191
3193
3193
3194
3195
3196
3201
3206
3218
3222
3223
3226
3228
3240
3240
3243
3245
3248
3257
3260
3271
3284
3285
3287
3287
3289
3289
3295
3298
3298
3299
3301
3302
3303
3304
3307
3308
3315
3316
3317
3318
3322
3332
3332
3334
3352
3353
3353
3353
3359
3360
3370
3372
3376
3382
3387
3387
3388
3395
3400
3405
3408
3409
3414
3415
3417
3417
3424
3430
3431
3432
3440
3441
3453
3454
3455
3458
3461
3461
3463
3464
3464
3471
3478
3482
3482
3489
3491
3503
3503
3509
3514
3517
3520
3523
3543
3546
3547
3548
3566
3568
3571
3571
3572
3574
3582
3582
3589
3589
3600
3607
3613
3615
3618
3618
3620
3621
3622
3622
3626
3631
3638
3642
3650
3659
3661
3661
3665
3666
3666
3670
3671
3674
3675
3681
3683
3684
3685
3690
3690
3691
3692
3694
3695
3697
3697
3699
3699
3701
3702
3706
3707
3710
3712
3713
3716
3716
3722
3728
3728
3730
3736
3736
3737
3742
3742
3746
3748
3752
3753
3774
3781
3787
3797
3799
3803
3811
3816
3816
3819
3827
3828
3828
3828
3829
3833
3834
3838
3845
3849
3852
3856
3857
3859
3860
3869
3872
3881
3888
3890
3895
3896
3900
3901
3902
3904
3916
3917
3922
3924
3925
3926
3935
3937
3940
3942
3942
3944
3947
3953
3960
3961
3972
3975
3976
3992
3998
3998
4001
4003
4003
4006
4007
4009
4010
4014
4015
4019
4020
4020
4028
4030
4031
4037
4037
4041
4049
4058
4060
4063
4067
4068
4069
4072
4072
4080
4082
4084
4091
4091
4092
4097
4103
4103
4108
4114
4117
4128
4131
4137
4144
4149
4153
4156
4157
4162
4164
4166
4169
4171
4175
4175
4176
4182
4183
4185
4189
4191
4191
4194
4197
4197
4198
4199
4201
4203
4208
4226
4227
4228
4232
4233
4235
4236
4240
4240
4241
4241
4243
4244
4247
4248
4249
4253
4254
4256
4257
4261
4262
4266
4269
4275
4276
4282
4291
4293
4294
4295
4298
4299
4302
4303
4303
4306
4307
4308
4314
4314
4319
4322
4325
4326
4329
4333
4340
4341
4342
4345
4345
4347
4349
4350
4350
4351
4352
4354
4354
4357
4358
4358
4359
4366
4375
4381
4391
4392
4393
4400
4401
4405
4409
4410
4410
4411
4412
4416
4418
4419
4419
4421
4422
4422
4423
4427
4432
4438
4449
4451
4452
4453
4455
4455
4461
4464
4468
4470
4472
4474
4478
4479
4481
4486
4487
4492
4492
4497
4509
4511
4512
4519
4520
4528
4529
4530
4538
4539
4540
4542
4542
4552
4555
4558
4558
4563
4564
4567
4569
4570
4574
4580
4581
4587
4588
4588
4589
4597
4597
4599
4600
4607
4611
4614
4617
4622
4629
4633
4634
4635
4636
4637
4639
4641
4641
4646
4648
4649
4653
4653
4655
4656
4658
4664
4667
4669
4669
4673
4674
4679
4680
4683
4684
4686
4686
4689
4693
4693
4694
4695
4702
4705
4706
4709
4711
4712
4712
4712
4716
4719
4719
4720
4721
4721
4726
4732
4738
4738
4739
4749
4749
4751
4759
4762
4769
4770
4776
4777
4784
4788
4790
4792
4794
4796
4796
4797
4798
4800
4802
4802
4808
4811
4812
4815
4817
4819
4819
4822
4825
4826
4831
4837
4848
4848
4849
4850
4851
4851
4852
4860
4860
4864
4869
4872
4875
4875
4876
4880
4885
4885
4888
4892
4896
4897
4897
4907
4923
4924
4926
4930
4931
4932
4935
4944
4948
4952
4957
4959
4959
4962
4966
4967
4969
4971
4984
4986
4986
4987
4989
4989
5000
5001
5003
5009
5009
5014
5015
5016
5017
5017
5018
5021
5027
5032
5033
5035
5039
5044
5047
5056
5062
5062
5063
5066
5070
5075
5075
5077
5077
5083
5090
5091
5094
5099
5102
5105
5108
5114
5115
5116
5116
5119
5121
5122
5123
5129
5140
5147
5151
5156
5161
5161
5165
5166
5173
5187
5197
5199
5202
5203
5204
5205
5205
5213
5218
5219
5221
5224
5225
5226
5227
5235
5239
5239
5249
5249
5251
5257
5269
5275
5276
5278
5280
5284
5285
5287
5288
5290
5299
5303
5303
5310
5314
5320
5321
5324
5328
5338
5347
5348
5354
5355
5356
5356
5359
5360
5360
5361
5371
5374
5380
5385
5390
5393
5394
5398
5400
5402
5402
5403
5404
5407
5411
5412
5420
5433
5437
5440
5442
5443
5448
5452
5452
5456
5468
5474
5476
5478
5480
5482
5485
5488
5489
5493
5501
5509
5509
5518
5519
5522
5523
5525
5526
5530
5535
5539
5542
5542
5552
5553
5554
5555
5559
5565
5573
5573
5574
5574
5575
5575
5581
5582
5586
5587
5590
5595
5596
5601
5603
5605
5608
5611
5616
5619
5632
5637
5647
5650
5651
5653
5654
5659
5672
5680
5680
5685
5685
5688
5693
5703
5714
5721
5721
5729
5730
5731
5741
5742
5744
5747
5751
5755
5755
5757
5764
5765
5767
5771
5772
5774
5781
5790
5791
5794
5806
5807
5813
5813
5814
5816
5823
5827
5827
5829
5832
5837
5848
5849
5858
5860
5862
5865
5872
5872
5873
5883
5888
5891
5891
5896
5896
5900
5903
5908
5912
5914
5915
5918
5922
5922
5927
5929
5941
5942
5943
5945
5948
5949
5950
5951
5952
5952
5955
5956
5961
5965
5965
5966
5969
5971
5976
5983
5989
5989
5991
5991
5992
5995
5999
6001
6001
6005
6008
6011
6013
6019
6021
6027
6035
6036
6044
6045
6045
6046
6055
6055
6056
6057
6059
6064
6065
6067
6068
6069
6069
6075
6078
6080
6084
6084
6085
6089
6091
6092
6092
6092
6094
6097
6102
6102
6103
6114
6116
6121
6126
6126
6131
6133
6136
6137
6141
6145
6145
6152
6152
6157
6161
6164
6169
6169
6173
6174
6179
6182
6182
6183
6187
6187
6188
6188
6191
6194
6204
6208
6214
6216
6223
6223
6224
6230
6232
6232
6232
6234
6252
6253
6260
6263
6269
6269
6276
6280
6282
6284
6284
6288
6297
6298
6304
6305
6305
6308
6310
6311
6315
6320
6322
6326
6333
6351
6353
6363
6363
6365
6367
6369
6369
6371
6373
6375
6379
6380
6383
6395
6398
6400
6401
6404
6405
6406
6410
6413
6419
6419
6421
6425
6426
6427
6432
6433
6440
6443
6443
6452
6453
6454
6455
6455
6456
6461
6462
6466
6466
6467
6470
6473
6478
6491
6491
6499
6506
6506
6509
6511
6512
6513
6532
6533
6534
6536
6537
6539
6540
6540
6542
6546
6547
6548
6548
6550
6552
6555
6564
6564
6569
6571
6572
6573
6577
6582
6583
6586
6590
6599
6599
6600
6606
6611
6613
6613
6615
6618
6621
6623
6624
6633
6638
6646
6647
6648
6652
6653
6655
6659
6660
6663
6668
6668
6671
6675
6678
6682
6685
6690
6693
6693
6696
6699
6700
6702
6702
6709
6712
6713
6715
6718
6725
6725
6729
6732
6732
6734
6736
6739
6740
6743
6747
6748
6754
6754
6757
6757
6757
6767
6774
6776
6777
6780
6781
6781
6782
6783
6783
6786
6787
6796
6798
6809
6811
6812
6813
6817
6817
6820
6821
6823
6829
6830
6833
6836
6843
6844
6845
6855
6855
6856
6864
6876
6877
6878
6882
6883
6888
6894
6894
6897
6906
6907
6910
6917
6918
6919
6919
6930
6930
6931
6931
6935
6937
6947
6949
6953
6953
6954
6956
6957
6960
6961
6965
6965
6977
6984
6986
6988
6989
7000
7006
7007
7010
7020
7023
7024
7029
7032
7040
7042
7044
7047
7055
7060
7073
7079
7080
7080
7084
7088
7102
7108
7110
7111
7111
7118
7118
7122
7128
7128
7129
7131
7133
7144
7145
7145
7154
7157
7157
7159
7163
7164
7164
7168
7173
7174
7174
7175
7177
7187
7187
7190
7192
7193
7204
7206
7208
7208
7209
7210
7217
7217
7221
7226
7227
7228
7230
7237
7240
7241
7241
7243
7247
7253
7262
7264
7265
7265
7277
7284
7288
7295
7296
7297
7302
7302
7305
7306
7307
7308
7314
7318
7322
7330
7333
7337
7338
7348
7360
7361
7365
7376
7376
7376
7377
7380
7382
7384
7389
7390
7392
7394
7398
7399
7402
7403
7413
7419
7422
7423
7424
7424
7427
7429
7433
7434
7434
7440
7442
7452
7453
7454
7459
7463
7467
7468
7470
7474
7476
7477
7478
7483
7489
7496
7501
7506
7509
7511
7513
7517
7524
7528
7528
7535
7538
7544
7546
7552
7552
7554
7555
7555
7560
7563
7569
7573
7577
7578
7591
7594
7597
7601
7606
7607
7610
7611
7620
7622
7623
7627
7628
7630
7635
7635
7638
7643
7650
7652
7653
7657
7659
7662
7672
7677
7683
7684
7687
7691
7692
7703
7710
7714
7715
7715
7718
7720
7721
7723
7727
7728
7734
7742
7745
7746
7753
7754
7761
7764
7768
7770
7771
7773
7775
7777
7779
7782
7782
7785
7788
7798
7803
7808
7809
7820
7828
7836
7838
7839
7839
7839
7841
7849
7852
7858
7866
7868
7871
7880
7881
7885
7886
7886
7886
7887
7901
7907
7920
7922
7923
7924
7926
7935
7936
7942
7943
7944
7947
7948
7958
7963
7975
7976
7980
7987
7989
7992
7992
7993
8000
8001
8005
8006
8006
8006
8012
8013
8013
8019
8021
8026
8029
8032
8033
8034
8035
8037
8051
8052
8054
8054
8054
8058
8060
8066
8066
8067
8075
8076
8078
8078
8084
8085
8089
8099
8101
8107
8107
8111
8113
8117
8126
8131
8134
8134
8134
8146
8155
8165
8167
8179
8183
8185
8185
8188
8189
8191
8192
8197
8200
8201
8206
8208
8212
8212
8214
8214
8218
8223
8224
8225
8226
8231
8236
8236
8239
8242
8244
8247
8248
8260
8262
8270
8271
8271
8285
8286
8289
8291
8296
8296
8299
8299
8306
8307
8312
8317
8319
8320
8324
8326
8330
8331
8332
8338
8338
8345
8346
8350
8353
8354
8356
8356
8360
8361
8362
8363
8365
8365
8367
8370
8370
8378
8380
8381
8383
8385
8390
8399
8406
8407
8409
8411
8412
8419
8423
8425
8426
8427
8432
8435
8439
8442
8448
8452
8466
8468
8474
8476
8481
8492
8492
8501
8509
8512
8515
8516
8516
8518
8519
8522
8524
8529
8533
8537
8537
8544
8546
8547
8553
8555
8559
8560
8561
8565
8566
8568
8569
8573
8576
8576
8577
8578
8582
8582
8584
8596
8598
8611
8612
8614
8623
8628
8628
8635
8635
8639
8641
8644
8645
8646
8647
8650
8654
8659
8660
8663
8664
8668
8669
8672
8673
8686
8690
8690
8701
8703
8706
8709
8720
8723
8724
8725
8727
8737
8737
8741
8749
8752
8757
8757
8758
8764
8765
8766
8770
8772
8781
8784
8796
8802
8809
8814
8816
8821
8822
8831
8832
8832
8835
8837
8840
8841
8844
8845
8849
8851
8858
8858
8859
8860
8861
8866
8868
8870
8871
8878
8883
8884
8885
8886
8892
8896
8902
8905
8906
8907
8909
8909
8909
8910
8914
8914
8919
8921
8928
8929
8930
8934
8934
8937
8944
8945
8950
8953
8956
8957
8957
8964
8967
8973
8987
8987
8993
8998
8999
9004
9007
9009
9013
9014
9018
9021
9023
9027
9029
9032
9037
9040
9042
9046
9047
9048
9059
9063
9072
9073
9073
9082
9084
9087
9088
9092
9094
9096
9103
9104
9108
9118
9120
9127
9128
9132
9142
9144
9150
9156
9161
9161
9163
9165
9167
9167
9169
9189
9194
9194
9195
9200
9201
9203
9208
9215
9217
9218
9228
9232
9235
9235
9236
9237
9237
9238
9238
9240
9242
9245
9245
9248
9249
9249
9254
9254
9255
9258
9259
9261
9264
9270
9274
9283
9291
9294
9297
9302
9303
9305
9306
9317
9322
9329
9330
9339
9341
9341
9350
9352
9352
9352
9353
9355
9361
9362
9362
9365
9367
9376
9376
9378
9380
9380
9382
9388
9390
9396
9397
9399
9403
9403
9405
9408
9424
9433
9437
9439
9445
9451
9452
9455
9456
9460
9466
9467
9470
9476
9483
9486
9488
9493
9495
9498
9499
9503
9503
9516
9522
9523
9525
9526
9529
9529
9537
9538
9540
9542
9544
9548
9553
9553
9554
9554
9556
9565
9566
9568
9568
9568
9570
9570
9570
9574
9580
9597
9599
9600
9601
9603
9605
9607
9609
9616
9616
9620
9625
9628
9636
9640
9643
9643
9649
9652
9656
9660
9661
9664
9672
9674
9679
9680
9684
9685
9690
9691
9695
9697
9697
9698
9700
9704
9705
9712
9718
9718
9722
9722
9723
9724
9725
9732
9732
9734
9743
9744
9746
9757
9757
9757
9758
9764
9764
9766
9766
9768
9770
9771
9773
9775
9777
9777
9780
9788
9788
9794
9798
9802
9803
9803
9805
9809
9811
9823
9825
9826
9826
9827
9828
9829
9835
9839
9840
9841
9853
9855
9855
9863
9864
9869
9870
9873
9883
9889
9890
9892
9894
9898
9900
9910
9911
9914
9918
9918
9919
9920
9923
9927
9932
9933
9935
9939
9947
9949
9952
9954
9955
9958
9964
9966
9967
9967
9970
9976
9977
9983
9990
9994
9995
9997
10000
10001
10003
10004
10004
10005
10019
10022
10023
10024
10027
10028
10030
10033
10041
10048
10050
10051
10052
10052
10055
10058
10060
10065
10067
10067
10075
10076
10081
10083
10083
10089
10092
10092
10094
10094
10097
10103
10105
10109
10110
10111
10117
10121
10122
10125
10129
10132
10136
10136
10139
10140
10142
10142
10144
10144
10149
10149
10160
10165
10171
10172
10172
10175
10178
10179
10180
10180
10193
10195
10200
10201
10209
10210
10213
10229
10229
10230
10230
10234
10236
10240
10245
10248
10248
10249
10258
10260
10264
10265
10268
10270
10281
10282
10284
10285
10285
10292
10294
10301
10305
10318
10321
10327
10329
10330
10332
10334
10335
10337
10337
10340
10357
10357
10360
10366
10367
10376
10377
10380
10383
10387
10387
10387
10393
10395
10397
10407
10410
10421
10422
10424
10425
10425
10428
10430
10430
10433
10434
10435
10439
10443
10445
10445
10448
10450
10451
10456
10457
10460
10472
10477
10478
10479
10485
10487
10488
10490
10491
10492
10498
10501
10503
10506
10506
10508
10511
10516
10520
10523
10526
10531
10535
10551
10551
10556
10558
10558
10558
10566
10566
10566
10570
10570
10571
10577
10578
10582
10584
10587
10588
10589
10594
10598
10602
10602
10603
10606
10607
10610
10610
10630
10633
10634
10636
10645
10650
10656
10660
10667
10672
10680
10680
10683
10684
10689
10690
10696
10698
10699
10699
10700
10702
10714
10719
10720
10723
10729
10731
10732
10734
10739
10741
10743
10756
10759
10767
10768
10769
10776
10784
10785
10785
10788
10799
10813
10817
10819
10823
10829
10830
10831
10832
10836
10837
10843
10850
10853
10855
10858
10861
10863
10865
10867
10870
10873
10882
10884
10891
10892
10893
10901
10901
10903
10907
10908
10910
10910
10919
10926
10927
10934
10945
10946
10952
10952
10958
10966
10967
10968
10969
10970
10972
10974
10976
10981
10984
10985
10991
10995
11003
11004
11009
11013
11013
11018
11018
11018
11029
11031
11031
11035
11038
11041
11043
11044
11050
11054
11057
11062
11062
11065
11073
11074
11075
11076
11081
11086
11091
11091
11093
11101
11103
11104
11111
11115
11124
11128
11128
11130
11130
11134
11136
11141
11144
11148
11149
11150
11153
11155
11157
11159
11163
11165
11169
11172
11176
11183
11184
11188
11200
11206
11207
11213
11215
11223
11226
11228
11232
11233
11236
11236
11244
11245
11252
11258
11258
11261
11263
11264
11266
11267
11267
11270
11277
11281
11292
11294
11294
11296
11297
11303
11320
11320
11324
11325
11326
11329
11330
11332
11352
11356
11362
11364
11368
11369
11372
11372
11375
11376
11377
11377
11377
11389
11390
11392
11396
11401
11401
11404
11405
11408
11410
11412
11413
11414
11418
11418
11419
11422
11422
11423
11430
11433
11434
11434
11436
11437
11444
11444
11451
11455
11456
11461
11466
11470
11470
11475
11477
11482
11486
11486
11494
11495
11495
11500
11504
11504
11504
11506
11507
11507
11511
11513
11517
11520
11523
11526
11527
11533
11540
11541
11542
11543
11544
11547
11547
11549
11555
11556
11557
11557
11558
11559
11559
11566
11571
11572
11574
11574
11575
11578
11579
11586
11597
11598
11599
11601
11603
11603
11604
11607
11609
11616
11621
11626
11627
11629
11643
11647
11650
11652
11658
11661
11667
11667
11674
11679
11683
11685
11687
11691
11692
11699
11700
11710
11713
11717
11718
11723
11724
11724
11727
11727
11728
11731
11731
11734
11735
11736
11746
11746
11747
11747
11751
11755
11760
11765
11767
11771
11771
11776
11781
11790
11790
11793
11806
11806
11810
11817
11818
11819
11819
11820
11821
11823
11824
11825
11827
11831
11834
11835
11837
11837
11839
11840
11845
11846
11848
11850
11857
11857
11862
11862
11863
11867
11868
11875
11877
11880
11898
11901
11909
11911
11914
11922
11924
11924
11927
11932
11937
11939
11939
11943
11948
11953
11957
11963
11969
11974
11980
11992
11992
11995
11996
11997
11997
12001
12002
12003
12006
12011
12013
12023
12028
12028
12029
12033
12035
12039
12042
12044
12048
12052
12056
12060
12068
12071
12075
12079
12084
12085
12087
12088
12092
12095
12099
12101
12103
12107
12108
12117
12122
12122
12127
12128
12131
12132
12132
12132
12140
12140
12141
12146
12147
12148
12151
12152
12156
12159
12159
12159
12160
12160
12170
12171
12173
12178
12187
12188
12194
12195
12201
12205
12207
12211
12216
12221
12227
12239
12242
12245
12256
12260
12276
12277
12303
12307
12312
12313
12316
12316
12319
12321
12333
12336
12341
12343
12345
12348
12352
12353
12361
12361
12368
12373
12374
12381
12385
12386
12390
12390
12391
12395
12399
12402
12403
12404
12408
12408
12411
12411
12419
12420
12422
12426
12430
12435
12440
12445
12445
12446
12452
12453
12454
12458
12470
12474
12483
12484
12485
12486
12489
12491
12497
12498
12499
12501
12502
12502
12504
12507
12510
12512
12514
12515
12515
12517
12517
12524
12524
12532
12541
12554
12560
12562
12566
12567
12568
12569
12571
12581
12586
12594
12594
12600
12603
12607
12608
12610
12613
12619
12622
12629
12631
12632
12635
12636
12637
12641
12647
12650
12651
12653
12654
12655
12661
12662
12662
12667
12668
12670
12671
12672
12674
12675
12676
12678
12680
12686
12686
12688
12695
12696
12696
12696
12696
12700
12701
12701
12705
12706
12706
12709
12712
12716
12717
12720
12724
12730
12733
12735
12742
12743
12745
12746
12747
12751
12755
12757
12766
12771
12774
12774
12777
12780
12781
12781
12782
12790
12793
12798
12799
12813
12816
12826
12835
12836
12837
12841
12842
12843
12845
12853
12854
12855
12856
12864
12865
12877
12882
12884
12888
12890
12895
12906
12906
12908
12910
12911
12923
12926
12928
12930
12945
12945
12949
12950
12951
12954
12957
12958
12962
12968
12969
12970
12971
12971
12978
12981
12984
12985
12996
13000
13003
13008
13013
13016
13021
13025
13028
13036
13037
13039
13040
13042
13043
13054
13054
13054
13054
13055
13056
13057
13062
13065
13067
13077
13082
13087
13092
13098
13099
13106
13107
13110
13112
13115
13118
13123
13125
13128
13135
13137
13138
13140
13141
13143
13147
13153
13158
13158
13161
13161
13166
13170
13172
13176
13177
13187
13189
13193
13195
13199
13204
13208
13209
13210
13212
13217
13218
13219
13220
13221
13233
13240
13245
13257
13257
13258
13261
13268
13276
13276
13278
13285
13285
13286
13288
13293
13304
13306
13313
13314
13314
13321
13323
13331
13332
13337
13337
13337
13341
13342
13343
13343
13344
13346
13348
13349
13352
13354
13355
13356
13356
13362
13374
13383
13383
13385
13388
13389
13392
13395
13404
13404
13405
13406
13411
13412
13413
13417
13423
13423
13427
13430
13436
13441
13442
13446
13446
13447
13456
13459
13464
13466
13467
13472
13473
13478
13482
13485
13487
13488
13491
13492
13493
13496
13507
13508
13510
13511
13513
13514
13517
13524
13524
13535
13537
13537
13537
13540
13547
13548
13558
13560
13561
13568
13570
13570
13576
13583
13585
13586
13587
13587
13588
13590
13594
13597
13601
13611
13615
13615
13618
13620
13621
13623
13626
13627
13631
13633
13635
13636
13638
13641
13642
13644
13648
13649
13651
13659
13662
13665
13668
13669
13675
13676
13681
13681
13686
13699
13704
13706
13706
13707
13714
13720
13723
13723
13729
13731
13732
13734
13734
13746
13757
13757
13759
13761
13762
13765
13766
13774
13776
13794
13795
13797
13798
13799
13804
13806
13806
13808
13811
13811
13815
13817
13819
13821
13826
13827
13829
13830
13835
13836
13842
13843
13846
13847
13848
13850
13853
13855
13857
13859
13859
13862
13871
13875
13884
13884
13895
13897
13898
13899
13901
13904
13905
13907
13909
13910
13914
13918
13921
13923
13925
13926
13928
13931
13933
13936
13938
13941
13944
13944
13945
13945
13949
13956
13956
13958
13959
13967
13972
13972
13976
13979
13979
13980
13986
13991
13994
14003
14010
14012
14016
14016
14029
14029
14030
14037
14041
14043
14045
14047
14049
14053
14056
14064
14066
14068
14069
14070
14073
14075
14079
14080
14081
14082
14083
14084
14087
14093
14101
14106
14107
14107
14108
14108
14109
14114
14120
14122
14124
14126
14131
14133
14135
14138
14142
14146
14146
14146
14146
14148
14149
14157
14159
14162
14164
14165
14169
14170
14174
14174
14178
14180
14183
14184
14185
14195
14198
14200
14215
14218
14219
14240
14243
14249
14252
14255
14258
14263
14265
14273
14276
14277
14278
14279
14283
14309
14310
14310
14316
14323
14338
14339
14339
14340
14342
14346
14347
14347
14348
14350
14352
14359
14360
14368
14369
14383
14390
14391
14395
14408
14409
14421
14421
14427
14427
14430
14435
14436
14437
14438
14438
14439
14444
14449
14452
14455
14457
14460
14461
14467
14473
14477
14479
14482
14485
14488
14496
14496
14501
14504
14507
14509
14511
14517
14517
14518
14521
14523
14528
14539
14539
14544
14553
14553
14556
14561
14564
14564
14568
14570
14573
14573
14579
14589
14590
14591
14593
14601
14611
14611
14615
14618
14619
14621
14628
14629
14631
14632
14633
14643
14652
14652
14654
14659
14662
14664
14665
14665
14671
14683
14688
14689
14697
14707
14713
14716
14717
14718
14720
14730
14733
14734
14734
14735
14735
14737
14737
14744
14751
14753
14753
14755
14757
14757
14758
14762
14763
14768
14770
14772
14774
14775
14780
14783
14783
14786
14788
14791
14792
14793
14794
14798
14798
14808
14810
14815
14815
14816
14817
14827
14828
14829
14830
14831
14833
14834
14840
14842
14849
14855
14855
14856
14858
14862
14863
14866
14867
14873
14874
14894
14901
14904
14912
14921
14922
14923
14927
14927
14930
14931
14937
14940
14943
14944
14947
14950
14953
14955
14956
14965
14968
14970
14973
14976
14981
14986
14990
14991
14995
15002
15002
15003
15014
15017
15022
15028
15028
15031
15042
15042
15049
15050
15053
15062
15063
15079
15082
15084
15088
15088
15093
15096
15097
15107
15108
15114
15114
15116
15119
15121
15128
15137
15143
15144
15150
15151
15154
15154
15156
15157
15168
15171
15182
15193
15200
15201
15206
15206
15213
15213
15215
15218
15218
15221
15221
15227
15237
15242
15251
15259
15262
15263
15268
15270
15274
15275
15278
15278
15288
15288
15289
15289
15292
15294
15294
15300
15302
15304
15305
15305
15305
15309
15309
15313
15317
15324
15324
15326
15330
15341
15342
15351
15360
15361
15364
15364
15378
15380
15381
15390
15396
15397
15406
15409
15409
15411
15411
15413
15414
15418
15420
15422
15424
15425
15426
15432
15438
15440
15440
15441
15444
15444
15452
15453
15459
15463
15463
15464
15469
15474
15482
15483
15488
15488
15492
15494
15494
15505
15507
15511
15525
15525
15525
15535
15538
15539
15542
15547
15550
15556
15557
15561
15564
15570
15571
15575
15576
15576
15584
15587
15587
15589
15590
15596
15597
15600
15602
15609
15611
15612
15616
15626
15633
15635
15641
15646
15646
15651
15654
15658
15665
15665
15673
15675
15676
15676
15679
15683
15686
15689
15690
15691
15695
15706
15708
15719
15732
15734
15735
15741
15741
15742
15743
15754
15758
15767
15769
15770
15770
15772
15774
15777
15779
15784
15787
15794
15804
15811
15812
15812
15814
15830
15831
15836
15836
15838
15841
15843
15843
15843
15845
15845
15846
15846
15857
15860
15864
15865
15869
15870
15871
15874
15875
15878
15880
15885
15892
15895
15895
15898
15900
15905
15911
15911
15911
15913
15914
15915
15915
15920
15922
15923
15926
15926
15931
15932
15935
15937
15943
15946
15954
15955
15956
15959
15966
15967
15970
15970
15971
15979
15982
15987
15988
15989
15991
15995
16003
16003
16008
16011
16014
16014
16016
16021
16026
16026
16032
16039
16041
16043
16047
16049
16049
16049
16050
16051
16056
16057
16057
16068
16088
16089
16089
16098
16098
16102
16113
16113
16114
16116
16122
16124
16125
16128
16129
16146
16148
16152
16158
16158
16164
16168
16168
16169
16173
16176
16177
16179
16187
16196
16198
16199
16200
16224
16225
16225
16225
16229
16234
16235
16235
16240
16242
16243
16248
16255
16257
16262
16266
16270
16272
16275
16286
16286
16288
16292
16293
16296
16297
16304
16305
16314
16325
16332
16345
16348
16350
16358
16360
16366
16369
16370
16384
16384
16388
16391
16397
16399
16402
16404
16409
16424
16424
16425
16426
16426
16428
16430
16431
16436
16437
16448
16450
16452
16452
16453
16457
16458
16458
16460
16465
16465
16465
16465
16468
16475
16477
16478
16479
16492
16494
16498
16502
16504
16504
16505
16505
16505
16507
16511
16513
16523
16523
16525
16530
16534
16537
16549
16552
16554
16555
16556
16561
16561
16562
16563
16565
16566
16568
16570
16570
16571
16572
16573
16573
16574
16574
16575
16578
16579
16583
16586
16586
16587
16587
16587
16599
16604
16605
16607
16615
16617
16621
16624
16627
16627
16630
16635
16650
16652
16654
16655
16659
16667
16680
16683
16685
16696
16696
16698
16699
16700
16709
16714
16722
16728
16730
16732
16738
16747
16751
16756
16759
16759
16772
16775
16780
16780
16785
16788
16789
16791
16795
16797
16797
16798
16800
16804
16807
16810
16816
16817
16821
16825
16829
16831
16836
16845
16850
16853
16858
16860
16863
16865
16870
16871
16872
16873
16874
16877
16880
16881
16887
16898
16907
16909
16911
16914
16915
16915
16915
16919
16921
16921
16923
16927
16930
16934
16935
16935
16935
16935
16936
16936
16940
16940
16940
16948
16955
16957
16962
16964
16964
16967
16974
16977
16978
16982
16983
16985
16987
16990
16991
16992
16993
16996
16998
17007
17013
17020
17021
17027
17030
17037
17037
17037
17045
17046
17057
17060
17070
17073
17074
17080
17093
17094
17095
17100
17101
17103
17104
17105
17106
17110
17110
17111
17114
17116
17117
17118
17129
17133
17133
17134
17137
17137
17149
17155
17160
17162
17163
17163
17171
17175
17185
17186
17187
17188
17188
17188
17188
17193
17196
17200
17202
17217
17217
17225
17225
17227
17230
17234
17234
17236
17236
17236
17237
17238
17239
17246
17252
17256
17257
17257
17261
17261
17269
17273
17277
17279
17282
17287
17287
17288
17307
17307
17308
17312
17313
17319
17323
17332
17332
17333
17336
17336
17339
17339
17343
17344
17344
17347
17365
17370
17376
17378
17383
17383
17387
17392
17393
17394
17397
17397
17413
17413
17416
17416
17422
17425
17427
17427
17428
17428
17433
17440
17442
17443
17448
17449
17450
17452
17454
17459
17462
17483
17490
17495
17496
17500
17500
17507
17508
17516
17517
17521
17522
17526
17529
17530
17530
17533
17534
17536
17543
17545
17547
17548
17549
17550
17559
17563
17569
17573
17577
17584
17585
17600
17600
17600
17601
17601
17604
17606
17609
17610
17615
17615
17616
17619
17621
17622
17624
17626
17630
17637
17638
17638
17650
17653
17663
17667
17668
17672
17683
17683
17685
17685
17689
17708
17710
17712
17717
17721
17724
17728
17731
17733
17735
17740
17742
17744
17747
17748
17749
17753
17756
17761
17764
17765
17771
17779
17781
17781
17783
17795
17796
17797
17803
17806
17807
17808
17810
17813
17814
17815
17818
17820
17823
17824
17827
17828
17829
17835
17837
17838
17841
17842
17842
17844
17844
17844
17852
17856
17857
17859
17863
17863
17870
17875
17876
17878
17883
17885
17892
17894
17895
17898
17902
17905
17911
17911
17918
17918
17928
17933
17940
17946
17951
17951
17959
17959
17966
17967
17967
17968
17969
17970
17977
17977
17979
17982
17986
17988
17988
17990
17990
17990
17993
17993
17995
18005
18006
18010
18013
18019
18020
18027
18027
18028
18033
18034
18036
18037
18046
18047
18050
18052
18057
18058
18062
18067
18070
18071
18071
18071
18076
18081
18085
18086
18094
18097
18100
18113
18114
18116
18121
18121
18125
18126
18127
18132
18134
18134
18136
18139
18141
18157
18163
18165
18167
18168
18176
18178
18188
18191
18197
18198
18205
18211
18212
18218
18221
18223
18228
18228
18232
18232
18242
18243
18244
18250
18252
18252
18252
18253
18258
18262
18267
18270
18275
18277
18278
18278
18279
18281
18283
18283
18290
18298
18303
18303
18308
18309
18312
18319
18320
18325
18329
18329
18336
18337
18341
18347
18350
18354
18356
18365
18365
18373
18377
18379
18388
18389
18396
18401
18408
18409
18419
18420
18421
18423
18430
18431
18431
18435
18439
18442
18443
18449
18451
18455
18461
18464
18468
18469
18470
18470
18473
18477
18479
18481
18481
18482
18486
18489
18489
18490
18492
18493
18493
18497
18509
18510
18512
18514
18515
18517
18518
18521
18521
18522
18524
18525
18526
18529
18529
18531
18533
18535
18541
18547
18548
18557
18559
18565
18566
18569
18573
18576
18576
18582
18584
18584
18588
18590
18593
18593
18594
18595
18605
18607
18609
18610
18617
18618
18620
18624
18629
18629
18630
18638
18647
18652
18653
18658
18658
18659
18662
18666
18670
18672
18675
18677
18678
18678
18681
18687
18687
18691
18691
18693
18693
18695
18695
18697
18697
18699
18704
18704
18705
18706
18711
18712
18712
18714
18716
18720
18721
18729
18730
18731
18736
18736
18739
18740
18742
18742
18746
18746
18750
18750
18751
18758
18758
18762
18774
18774
18774
18786
18798
18800
18801
18814
18818
18828
18829
18829
18832
18833
18833
18838
18841
18842
18843
18847
18854
18869
18869
18873
18874
18877
18877
18877
18879
18881
18883
18885
18889
18899
18903
18904
18919
18920
18931
18937
18937
18937
18945
18948
18949
18950
18955
18955
18960
18961
18962
18967
18970
18971
18971
18975
18981
18985
18987
18997
18998
18999
19003
19011
19017
19022
19027
19030
19033
19037
19038
19040
19042
19042
19048
19051
19052
19056
19058
19058
19059
19059
19063
19065
19067
19076
19076
19076
19080
19080
19084
19084
19086
19096
19097
19098
19100
19101
19101
19104
19109
19112
19117
19123
19132
19134
19136
19144
19150
19151
19154
19155
19156
19163
19164
19165
19168
19176
19183
19184
19186
19193
19195
19200
19200
19201
19206
19212
19217
19217
19223
19225
19226
19228
19228
19228
19231
19231
19232
19240
19244
19249
19251
19257
19258
19258
19263
19265
19267
19277
19279
19279
19279
19280
19286
19288
19288
19288
19289
19291
19294
19295
19296
19303
19305
19306
19313
19314
19317
19319
19328
19329
19330
19331
19336
19340
19344
19347
19352
19352
19356
19360
19373
19382
19382
19383
19386
19386
19400
19402
19411
19412
19422
19429
19437
19437
19437
19440
19440
19441
19443
19446
19454
19455
19455
19465
19465
19469
19481
19489
19489
19491
19493
19495
19502
19503
19506
19509
19515
19517
19526
19527
19533
19535
19540
19544
19544
19545
19552
19559
19563
19565
19567
19579
19579
19583
19587
19589
19589
19591
19594
19594
19594
19595
19595
19609
19617
19619
19619
19621
19622
19627
19632
19638
19642
19644
19647
19650
19653
19653
19655
19658
19668
19671
19672
19676
19681
19683
19683
19697
19698
19700
19709
19720
19727
19731
19732
19736
19738
19740
19740
19743
19755
19756
19762
19776
19776
19776
19789
19792
19794
19795
19799
19803
19808
19809
19813
19820
19825
19830
19833
19833
19835
19835
19836
19840
19840
19841
19842
19844
19845
19845
19845
19848
19851
19857
19860
19866
19869
19872
19874
19875
19878
19880
19880
19881
19886
19896
19902
19908
19910
19922
19923
19927
19927
19936
19937
19939
19943
19944
19947
19948
19950
19953
19954
19958
19958
19962
19975
19978
19979
19985
19986
19988
19995
19999
19999
20001
20006
20015
20016
20020
20022
20025
20029
20032
20035
20036
20036
20038
20040
20041
20049
20053
20058
20063
20069
20071
20075
20075
20077
20085
20090
20100
20101
20102
20102
20103
20104
20107
20113
20113
20119
20122
20127
20128
20131
20134
20134
20135
20140
20140
20143
20146
20147
20155
20159
20170
20182
20186
20189
20189
20190
20190
20191
20194
20195
20196
20199
20207
20208
20210
20211
20213
20215
20225
20225
20226
20228
20231
20231
20233
20234
20235
20235
20236
20241
20251
20266
20269
20278
20279
20287
20287
20294
20294
20297
20298
20298
20300
20304
20307
20308
20309
20309
20309
20316
20316
20317
20317
20324
20329
20330
20338
20341
20348
20349
20352
20365
20366
20368
20370
20370
20379
20388
20391
20399
20400
20402
20407
20407
20408
20418
20420
20421
20422
20423
20426
20428
20431
20435
20437
20444
20447
20448
20450
20450
20453
20455
20457
20463
20466
20467
20470
20481
20482
20500
20502
20504
20507
20510
20512
20515
20516
20516
20518
20518
20525
20532
20533
20534
20537
20546
20550
20550
20552
20552
20552
20553
20567
20567
20568
20568
20569
20573
20574
20586
20588
20593
20594
20600
20611
20611
20613
20622
20627
20636
20648
20648
20657
20657
20663
20665
20673
20673
20678
20678
20679
20680
20686
20688
20690
20690
20694
20696
20696
20706
20706
20708
20709
20711
20722
20726
20735
20735
20735
20742
20743
20747
20747
20750
20754
20756
20760
20775
20781
20787
20791
20793
20796
20804
20808
20809
20809
20813
20814
20814
20818
20820
20832
20834
20834
20844
20846
20848
20850
20855
20856
20856
20860
20861
20862
20868
20874
20878
20881
20882
20886
20888
20890
20898
20898
20899
20905
20917
20918
20926
20927
20929
20930
20935
20938
20940
20942
20951
20956
20960
20961
20970
20971
20977
20987
20987
20988
20992
20995
21003
21009
21011
21011
21013
21018
21019
21025
21037
21041
21051
21059
21061
21062
21066
21066
21070
21077
21079
21100
21105
21116
21116
21117
21117
21118
21122
21125
21127
21127
21129
21131
21133
21134
21139
21139
21141
21142
21143
21145
21147
21150
21157
21158
21159
21161
21164
21165
21167
21168
21180
21181
21181
21183
21186
21188
21190
21192
21194
21198
21202
21202
21205
21205
21206
21213
21216
21217
21218
21221
21222
21223
21223
21227
21227
21227
21230
21231
21235
21238
21245
21249
21254
21257
21258
21259
21260
21264
21266
21266
21267
21267
21267
21268
21268
21270
21271
21279
21292
21292
21292
21292
21295
21296
21297
21300
21303
21309
21323
21325
21326
21326
21329
21331
21339
21340
21340
21340
21344
21350
21350
21354
21358
21359
21361
21362
21366
21371
21376
21377
21391
21391
21395
21397
21399
21403
21410
21415
21420
21421
21422
21422
21424
21426
21430
21432
21437
21444
21444
21446
21447
21452
21453
21454
21455
21459
21459
21463
21468
21476
21489
21490
21499
21504
21508
21516
21517
21519
21523
21523
21524
21528
21531
21538
21542
21543
21546
21550
21551
21561
21561
21571
21571
21578
21580
21588
21591
21606
21614
21617
21621
21622
21623
21626
21628
21631
21632
21632
21632
21637
21638
21644
21644
21647
21655
21658
21659
21672
21674
21677
21678
21679
21685
21685
21692
21693
21698
21709
21709
21713
21713
21715
21717
21721
21725
21730
21734
21740
21740
21742
21743
21744
21751
21753
21754
21758
21763
21767
21767
21773
21774
21774
21775
21777
21778
21784
21787
21794
21795
21800
21803
21805
21806
21816
21818
21820
21825
21827
21829
21829
21832
21835
21838
21840
21842
21848
21849
21850
21852
21852
21857
21865
21869
21870
21874
21875
21875
21879
21881
21884
21886
21888
21892
21896
21898
21900
21901
21901
21902
21905
21905
21906
21908
21908
21912
21912
21918
21918
21934
21940
21943
21946
21955
21958
21960
21960
21961
21962
21968
21973
21974
21976
21977
21978
21982
21982
21983
21983
21994
21996
21998
21998
22001
22006
22010
22018
22026
22032
22043
22046
22046
22059
22060
22064
22065
22065
22067
22068
22068
22071
22079
22082
22085
22089
22089
22091
22100
22103
22112
22117
22117
22118
22119
22123
22124
22124
22135
22139
22141
22143
22144
22145
22146
22149
22152
22155
22159
22160
22162
22163
22163
22166
22167
22177
22179
22179
22183
22184
22189
22192
22200
22200
22201
22201
22202
22205
22208
22211
22212
22213
22214
22218
22219
22228
22230
22232
22233
22240
22254
22267
22271
22291
22295
22300
22305
22311
22312
22313
22322
22322
22326
22328
22331
22333
22334
22338
22348
22349
22350
22352
22353
22353
22355
22356
22358
22360
22360
22360
22362
22362
22365
22369
22372
22372
22384
22384
22389
22390
22393
22397
22398
22400
22404
22405
22406
22412
22422
22424
22425
22427
22427
22432
22433
22435
22436
22442
22442
22444
22445
22445
22454
22455
22455
22457
22462
22467
22474
22476
22484
22484
22493
22497
22498
22500
22501
22503
22503
22504
22507
22513
22515
22520
22520
22522
22527
22528
22534
22534
22535
22536
22536
22538
22540
22541
22547
22547
22559
22562
22565
22576
22580
22582
22592
22592
22594
22595
22599
22602
22602
22604
22610
22614
22615
22627
22627
22629
22633
22643
22655
22659
22661
22672
22673
22674
22680
22683
22689
22703
22704
22705
22707
22712
22713
22715
22718
22720
22722
22726
22726
22731
22732
22742
22742
22746
22749
22750
22754
22773
22776
22783
22786
22788
22793
22794
22805
22805
22806
22808
22810
22817
22819
22821
22822
22825
22827
22829
22832
22835
22836
22837
22839
22851
22861
22864
22865
22867
22870
22871
22876
22877
22879
22883
22884
22885
22885
22889
22892
22897
22898
22906
22910
22913
22913
22917
22922
22927
22935
22939
22943
22947
22953
22957
22965
22976
22979
22982
22986
22987
22994
22997
23000
23007
23010
23012
23014
23016
23017
23023
23023
23031
23034
23035
23041
23047
23052
23059
23061
23064
23070
23071
23074
23085
23086
23095
23097
23101
23107
23107
23109
23110
23114
23114
23119
23122
23124
23126
23128
23134
23137
23141
23146
23149
23152
23152
23154
23156
23156
23158
23161
23161
23164
23166
23175
23176
23176
23177
23183
23185
23191
23195
23196
23202
23203
23203
23205
23207
23212
23213
23214
23221
23223
23233
23240
23240
23240
23244
23249
23250
23252
23254
23268
23269
23277
23279
23283
23286
23288
23293
23299
23303
23304
23305
23306
23306
23311
23318
23319
23320
23322
23326
23330
23332
23334
23337
23347
23348
23353
23356
23356
23369
23370
23372
23374
23375
23376
23386
23389
23389
23390
23406
23409
23413
23415
23420
23427
23435
23437
23438
23439
23439
23445
23446
23449
23454
23457
23459
23459
23469
23472
23476
23478
23478
23482
23484
23487
23489
23496
23502
23505
23507
23507
23511
23512
23512
23524
23525
23526
23526
23531
23531
23531
23536
23539
23540
23541
23541
23541
23544
23545
23551
23553
23554
23557
23559
23560
23563
23563
23565
23566
23568
23568
23569
23574
23577
23577
23578
23581
23586
23587
23587
23590
23594
23597
23599
23599
23602
23609
23611
23611
23611
23611
23612
23618
23619
23626
23626
23627
23636
23643
23643
23644
23645
23650
23655
23657
23659
23667
23668
23669
23672
23684
23685
23687
23696
23696
23697
23699
23706
23709
23712
23712
23720
23727
23735
23743
23745
23751
23751
23755
23757
23763
23764
23767
23772
23775
23781
23781
23784
23788
23788
23788
23793
23800
23800
23802
23808
23808
23809
23811
23815
23822
23827
23829
23834
23835
23842
23844
23845
23848
23848
23851
23854
23855
23859
23860
23866
23867
23870
23875
23881
23881
23890
23891
23892
23894
23894
23901
23903
23907
23909
23913
23915
23919
23921
23923
23925
23926
23926
23930
23931
23940
23940
23941
23946
23947
23948
23950
23964
23964
23966
23966
23969
23971
23972
23976
23987
23987
23994
23996
23997
24002
24003
24004
24006
24009
24010
24013
24018
24019
24021
24022
24033
24038
24042
24045
24051
24056
24058
24063
24065
24066
24079
24091
24091
24094
24095
24095
24097
24105
24106
24106
24115
24120
24120
24121
24121
24131
24132
24134
24141
24146
24149
24150
24153
24158
24161
24164
24168
24172
24174
24178
24182
24189
24191
24191
24193
24198
24200
24202
24204
24205
24207
24207
24208
24212
24213
24213
24214
24228
24229
24241
24242
24243
24250
24252
24253
24254
24271
24271
24273
24276
24276
24280
24282
24285
24285
24287
24288
24301
24304
24304
24305
24308
24312
24325
24327
24327
24329
24330
24331
24335
24346
24348
24350
24353
24358
24359
24365
24366
24377
24379
24383
24383
24386
24398
24402
24402
24403
24405
24407
24410
24410
24411
24414
24420
24421
24422
24422
24433
24434
24436
24436
24437
24439
24446
24450
24450
24461
24466
24474
24476
24476
24479
24480
24483
24488
24490
24492
24498
24508
24509
24511
24511
24513
24515
24519
24522
24527
24527
24535
24537
24538
24539
24540
24543
24547
24564
24568
24574
24578
24582
24583
24584
24588
24594
24598
24598
24600
24607
24608
24613
24614
24619
24625
24628
24632
24634
24635
24637
24639
24641
24645
24646
24651
24655
24663
24664
24665
24671
24671
24677
24678
24678
24681
24690
24692
24692
24694
24711
24712
24718
24723
24724
24730
24735
24739
24740
24742
24744
24745
24756
24758
24759
24764
24764
24767
24773
24781
24786
24786
24790
24795
24795
24809
24812
24813
24815
24818
24821
24822
24826
24827
24828
24831
24835
24835
24836
24837
24837
24840
24845
24847
24849
24853
24853
24853
24856
24857
24859
24867
24870
24873
24878
24878
24881
24884
24887
24887
24892
24896
24899
24913
24915
24917
24918
24920
24926
24927
24930
24930
24930
24936
24941
24945
24946
24949
24952
24957
24958
24960
24961
24964
24966
24967
24967
24968
24970
24982
24983
24983
24999
25002
25008
25023
25023
25026
25028
25031
25045
25048
25049
25051
25052
25053
25066
25067
25069
25070
25071
25073
25079
25080
25082
25083
25084
25092
25099
25100
25101
25102
25102
25106
25111
25126
25132
25135
25139
25148
25148
25152
25153
25155
25155
25156
25160
25160
25163
25171
25171
25171
25176
25181
25185
25187
25188
25190
25191
25192
25193
25197
25201
25202
25207
25210
25211
25213
25215
25216
25216
25218
25219
25222
25223
25230
25231
25233
25236
25238
25240
25264
25268
25273
25275
25281
25284
25287
25288
25290
25290
25290
25294
25296
25299
25302
25310
25312
25315
25318
25319
25322
25324
25331
25331
25332
25333
25333
25338
25342
25344
25347
25351
25353
25353
25354
25355
25355
25357
25361
25361
25364
25364
25366
25367
25370
25377
25378
25379
25385
25385
25387
25388
25391
25399
25400
25405
25419
25427
25428
25429
25435
25439
25442
25454
25457
25459
25464
25471
25473
25479
25483
25483
25484
25484
25485
25489
25489
25491
25491
25493
25494
25494
25496
25499
25500
25510
25511
25514
25514
25515
25518
25519
25521
25521
25525
25529
25537
25539
25539
25541
25541
25548
25550
25551
25561
25566
25569
25574
25576
25578
25591
25592
25592
25597
25606
25607
25612
25612
25615
25621
25633
25633
25640
25643
25643
25644
25644
25649
25650
25651
25653
25656
25657
25658
25659
25664
25666
25673
25682
25683
25683
25688
25689
25691
25692
25697
25699
25701
25707
25708
25708
25708
25711
25711
25712
25714
25714
25721
25723
25723
25725
25726
25727
25727
25728
25734
25734
25737
25737
25743
25746
25749
25755
25756
25762
25763
25764
25766
25768
25777
25779
25787
25791
25794
25796
25797
25802
25807
25808
25809
25811
25812
25819
25827
25839
25843
25843
25851
25863
25865
25867
25871
25874
25875
25877
25883
25884
25888
25892
25896
25896
25900
25905
25909
25913
25922
25928
25931
25932
25932
25935
25952
25954
25967
25969
25971
25981
25987
25993
25996
25997
25998
25999
26001
26003
26005
26005
26013
26013
26014
26015
26021
26024
26032
26032
26044
26045
26046
26057
26060
26062
26062
26066
26068
26069
26073
26074
26082
26093
26098
26099
26103
26127
26129
26134
26136
26137
26138
26138
26138
26138
26146
26147
26148
26152
26152
26160
26162
26174
26180
26181
26183
26184
26186
26186
26188
26192
26192
26206
26206
26208
26210
26216
26220
26221
26225
26231
26235
26253
26254
26259
26259
26266
26267
26269
26272
26274
26275
26276
26281
26284
26284
26285
26288
26288
26289
26289
26305
26306
26311
26313
26315
26321
26322
26347
26355
26361
26361
26363
26364
26370
26370
26371
26372
26375
26377
26380
26385
26386
26388
26389
26396
26397
26401
26403
26404
26404
26409
26412
26413
26421
26425
26426
26431
26442
26443
26446
26449
26453
26458
26460
26469
26469
26469
26471
26479
26483
26487
26489
26489
26507
26509
26512
26515
26521
26524
26528
26541
26543
26548
26550
26550
26551
26554
26559
26561
26567
26567
26569
26571
26574
26575
26580
26581
26593
26596
26599
26605
26621
26624
26626
26629
26631
26631
26632
26642
26647
26650
26655
26657
26658
26660
26663
26664
26668
26670
26671
26677
26679
26680
26683
26684
26686
26689
26690
26691
26695
26696
26700
26701
26702
26707
26709
26709
26721
26722
26726
26733
26735
26741
26742
26749
26749
26762
26766
26769
26770
26777
26785
26788
26790
26791
26792
26796
26800
26808
26815
26820
26826
26829
26830
26832
26833
26833
26835
26835
26847
26850
26851
26851
26851
26852
26860
26860
26862
26869
26874
26875
26876
26879
26881
26883
26884
26892
26896
26901
26908
26915
26915
26917
26925
26927
26932
26934
26946
26946
26954
26958
26960
26963
26967
26967
26970
26974
26977
26978
26978
26982
26984
26985
26985
26985
26986
26992
26993
26993
26996
26997
26999
27000
27002
27005
27011
27014
27014
27023
27023
27030
27031
27036
27037
27043
27047
27055
27055
27055
27057
27059
27061
27063
27063
27064
27065
27066
27066
27068
27069
27073
27073
27073
27075
27076
27077
27078
27085
27092
27094
27094
27096
27106
27106
27110
27112
27118
27120
27127
27129
27133
27135
27137
27142
27143
27143
27143
27148
27149
27150
27151
27152
27158
27159
27161
27164
27166
27166
27168
27172
27172
27173
27183
27187
27188
27198
27202
27202
27207
27207
27208
27222
27224
27228
27232
27238
27238
27246
27251
27253
27253
27260
27262
27263
27265
27265
27272
27272
27281
27281
27303
27304
27306
27309
27309
27313
27318
27318
27325
27331
27334
27337
27340
27341
27345
27349
27352
27354
27354
27363
27366
27381
27382
27383
27389
27392
27393
27396
27398
27400
27401
27401
27401
27407
27408
27414
27416
27418
27423
27424
27427
27427
27430
27431
27433
27439
27442
27442
27442
27448
27450
27451
27452
27454
27454
27458
27466
27471
27474
27478
27478
27484
27488
27490
27493
27498
27503
27507
27518
27520
27521
27534
27538
27540
27541
27550
27554
27554
27554
27556
27559
27559
27568
27569
27570
27574
27575
27582
27583
27585
27588
27589
27594
27594
27595
27595
27595
27599
27599
27605
27608
27609
27613
27618
27629
27635
27636
27644
27646
27658
27669
27670
27673
27677
27687
27693
27703
27712
27714
27715
27716
27717
27728
27731
27734
27734
27735
27737
27740
27740
27741
27742
27745
27747
27749
27750
27752
27754
27754
27758
27759
27764
27766
27766
27771
27772
27776
27782
27785
27789
27792
27795
27795
27797
27809
27816
27816
27824
27825
27826
27833
27834
27837
27841
27843
27843
27851
27851
27854
27855
27860
27867
27870
27870
27871
27875
27876
27877
27878
27878
27884
27887
27891
27891
27895
27895
27895
27899
27899
27902
27905
27911
27915
27916
27917
27920
27920
27929
27939
27941
27942
27943
27946
27946
27952
27960
27966
27967
27974
27978
27980
27981
27982
27982
27983
27985
27987
28000
28002
28003
28013
28014
28016
28016
28020
28021
28022
28027
28035
28035
28041
28042
28044
28053
28065
28076
28077
28082
28082
28083
28088
28089
28092
28093
28093
28093
28095
28100
28101
28102
28110
28112
28113
28135
28138
28140
28140
28142
28143
28144
28148
28148
28155
28158
28159
28160
28162
28172
28175
28175
28177
28178
28181
28181
28183
28188
28189
28190
28192
28193
28195
28196
28196
28198
28198
28199
28201
28203
28206
28210
28210
28211
28217
28221
28224
28227
28229
28229
28231
28247
28258
28261
28261
28266
28268
28269
28281
28284
28288
28289
28292
28294
28302
28309
28313
28319
28323
28327
28332
28332
28332
28332
28335
28344
28345
28346
28347
28353
28354
28359
28362
28366
28371
28375
28376
28380
28381
28383
28395
28396
28399
28400
28400
28407
28418
28422
28428
28431
28434
28445
28450
28451
28451
28452
28452
28456
28458
28458
28460
28462
28463
28465
28473
28476
28476
28481
28485
28486
28488
28488
28489
28490
28490
28490
28496
28498
28499
28500
28510
28513
28514
28516
28517
28522
28525
28531
28532
28535
28538
28543
28545
28549
28551
28551
28553
28555
28556
28562
28567
28570
28571
28572
28575
28578
28579
28580
28592
28593
28599
28600
28602
28604
28604
28622
28623
28625
28626
28626
28635
28636
28637
28639
28646
28649
28655
28657
28658
28661
28664
28664
28664
28666
28667
28670
28681
28682
28682
28683
28694
28697
28698
28704
28706
28708
28718
28727
28729
28731
28734
28735
28737
28738
28739
28745
28748
28748
28750
28757
28759
28768
28772
28774
28777
28789
28795
28798
28807
28809
28810
28811
28813
28816
28827
28830
28834
28838
28838
28839
28850
28858
28862
28862
28864
28865
28867
28871
28875
28876
28879
28883
28886
28890
28897
28899
28907
28909
28927
28928
28929
28929
28934
28936
28937
28940
28942
28942
28943
28944
28944
28946
28952
28955
28956
28956
28958
28966
28977
28984
28986
28988
28988
28994
29001
29005
29005
29007
29012
29020
29022
29032
29040
29055
29058
29060
29061
29064
29067
29067
29067
29069
29069
29077
29078
29079
29083
29084
29085
29091
29093
29094
29099
29101
29102
29102
29105
29108
29116
29121
29125
29126
29127
29128
29137
29139
29140
29148
29149
29152
29152
29153
29158
29165
29167
29172
29172
29173
29183
29194
29195
29196
29199
29202
29203
29214
29226
29227
29231
29233
29234
29238
29242
29242
29246
29251
29251
29255
29259
29260
29270
29276
29279
29285
29292
29298
29304
29307
29308
29308
29309
29311
29313
29315
29320
29326
29327
29327
29328
29329
29331
29334
29335
29345
29350
29356
29359
29361
29363
29366
29366
29368
29370
29371
29380
29385
29391
29397
29402
29409
29415
29415
29420
29421
29421
29423
29427
29430
29430
29432
29433
29444
29447
29448
29452
29455
29459
29460
29464
29464
29468
29469
29477
29482
29482
29487
29489
29494
29495
29499
29507
29510
29512
29513
29515
29517
29517
29518
29520
29521
29524
29529
29531
29534
29538
29540
29546
29549
29549
29553
29554
29556
29557
29565
29565
29568
29569
29572
29574
29600
29602
29602
29603
29606
29607
29612
29613
29614
29618
29621
29625
29627
29627
29628
29630
29630
29634
29634
29639
29642
29644
29645
29658
29662
29665
29666
29680
29692
29697
29700
29707
29707
29708
29717
29721
29723
29723
29723
29725
29736
29742
29745
29752
29759
29759
29760
29761
29762
29763
29764
29768
29771
29775
29776
29779
29780
29780
29785
29789
29803
29808
29809
29809
29811
29816
29817
29825
29829
29830
29837
29842
29844
29845
29850
29853
29854
29856
29859
29865
29866
29867
29872
29874
29877
29886
29887
29889
29892
29893
29897
29897
29897
29899
29900
29900
29900
29910
29910
29917
29920
29923
29925
29925
29931
29935
29935
29936
29941
29942
29947
29950
29952
29955
29957
29959
29959
29961
29982
29982
29982
29983
29984
29985
29989
29991
29992
30000
30001
30002
30003
30004
30006
30011
30012
30015
30015
30020
30029
30029
30037
30038
30040
30049
30056
30057
30058
30062
30063
30065
30072
30073
30077
30083
30085
30086
30106
30108
30113
30113
30114
30115
30115
30118
30121
30121
30123
30130
30132
30133
30135
30140
30149
30152
30158
30158
30158
30159
30160
30162
30162
30166
30168
30169
30178
30179
30183
30183
30184
30188
30189
30192
30192
30196
30197
30198
30204
30207
30208
30211
30218
30220
30223
30228
30229
30233
30239
30240
30243
30246
30248
30254
30254
30259
30263
30264
30264
30266
30266
30271
30273
30274
30276
30291
30292
30293
30301
30305
30310
30313
30314
30320
30320
30325
30326
30328
30328
30344
30345
30345
30358
30358
30363
30366
30373
30373
30375
30378
30378
30385
30385
30395
30396
30400
30409
30410
30411
30416
30421
30424
30425
30428
30430
30430
30431
30433
30434
30439
30442
30447
30449
30454
30458
30459
30465
30467
30470
30471
30473
30476
30478
30483
30483
30485
30487
30497
30498
30503
30505
30505
30506
30509
30514
30519
30523
30524
30524
30530
30538
30539
30540
30541
30545
30547
30549
30554
30567
30568
30573
30573
30574
30579
30582
30585
30587
30588
30595
30609
30611
30612
30613
30617
30619
30620
30620
30623
30631
30634
30637
30647
30655
30656
30662
30664
30665
30666
30672
30673
30673
30675
30680
30681
30684
30685
30686
30688
30706
30713
30714
30725
30725
30728
30731
30734
30737
30739
30740
30743
30746
30755
30762
30766
30767
30771
30774
30775
30776
30790
30791
30797
30801
30803
30806
30810
30810
30811
30811
30813
30814
30817
30828
30828
30835
30840
30845
30851
30853
30856
30857
30858
30864
30868
30879
30880
30889
30891
30896
30898
30898
30904
30906
30907
30911
30912
30913
30915
30921
30931
30936
30945
30946
30952
30954
30973
30975
30977
30979
30982
30984
30985
30992
30993
30995
30996
31000
31001
31003
31006
31007
31013
31014
31022
31024
31030
31030
31034
31039
31040
31042
31050
31051
31053
31054
31055
31060
31061
31063
31067
31070
31074
31075
31078
31079
31081
31083
31088
31091
31092
31093
31096
31102
31105
31106
31106
31109
31123
31123
31133
31141
31142
31143
31146
31154
31159
31161
31170
31172
31172
31173
31175
31176
31178
31179
31182
31186
31188
31188
31193
31198
31199
31199
31214
31219
31227
31229
31229
31232
31235
31236
31241
31245
31248
31248
31250
31250
31252
31253
31256
31262
31264
31264
31264
31264
31270
31277
31278
31279
31280
31283
31289
31290
31293
31294
31299
31300
31301
31303
31304
31307
31314
31315
31315
31316
31319
31325
31325
31329
31335
31346
31351
31353
31355
31358
31360
31362
31366
31368
31369
31371
31371
31372
31375
31383
31384
31390
31393
31396
31399
31399
31400
31402
31406
31415
31421
31423
31429
31432
31441
31441
31441
31442
31442
31444
31448
31450
31456
31462
31469
31470
31470
31473
31475
31481
31482
31486
31488
31488
31490
31495
31500
31500
31503
31506
31510
31511
31512
31513
31519
31519
31520
31522
31522
31533
31534
31535
31539
31543
31545
31552
31552
31556
31571
31573
31573
31575
31577
31577
31580
31580
31581
31583
31583
31586
31591
31593
31596
31596
31603
31606
31618
31627
31628
31630
31632
31633
31635
31639
31642
31644
31649
31663
31665
31665
31670
31671
31675
31675
31680
31684
31686
31690
31690
31693
31697
31701
31702
31707
31715
31718
31723
31728
31732
31733
31736
31739
31749
31753
31753
31754
31758
31761
31765
31770
31771
31776
31778
31780
31780
31782
31784
31786
31796
31798
31799
31807
31812
31813
31817
31832
31832
31834
31836
31837
31838
31839
31844
31851
31853
31856
31858
31865
31876
31881
31883
31884
31884
31890
31892
31897
31908
31909
31909
31916
31916
31919
31921
31926
31942
31948
31953
31953
31953
31956
31956
31956
31957
31963
31963
31964
31967
31978
31980
31983
31983
31986
31989
31995
31998
31999
32001
32002
32003
32004
32005
32006
32017
32018
32019
32031
32035
32035
32036
32037
32039
32039
32040
32043
32043
32047
32050
32056
32058
32058
32058
32059
32059
32060
32060
32063
32067
32072
32074
32075
32075
32075
32075
32078
32080
32084
32087
32089
32093
32096
32103
32104
32109
32116
32119
32121
32124
32127
32132
32133
32140
32147
32147
32147
32149
32154
32159
32162
32166
32168
32173
32176
32177
32177
32177
32184
32187
32191
32201
32203
32212
32215
32217
32221
32222
32222
32223
32231
32231
32234
32235
32236
32247
32249
32258
32262
32263
32265
32267
32273
32273
32275
32277
32277
32279
32288
32289
32289
32290
32293
32300
32300
32301
32308
32318
32330
32343
32353
32354
32356
32357
32359
32359
32379
32381
32381
32383
32383
32389
32389
32390
32391
32394
32396
32397
32399
32402
32410
32410
32411
32411
32413
32417
32421
32425
32425
32429
32436
32437
32440
32443
32451
32453
32456
32456
32458
32458
32463
32463
32469
32471
32488
32489
32491
32506
32507
32510
32511
32526
32529
32538
32539
32541
32550
32555
32563
32566
32569
32570
32576
32579
32580
32580
32584
32586
32587
32587
32593
32594
32595
32597
32599
32602
32608
32612
32615
32626
32627
32630
32641
32647
32649
32650
32651
32652
32654
32661
32661
32664
32665
32679
32682
32682
32685
32685
32692
32704
32708
32709
32713
32715
32716
32718
32718
32725
32727
32728
32730
32732
32734
32737
32737
32740
32741
32745
32745
32746
32747
32752
32755
32760
32761
32762
32765
32766
32766
